0.977710 0.178449 -0.110632 -0.031038 -0.180843 0.983440 -0.011913 -0.011487 0.106675 0.031655 0.993790 0.001849
0.959662 0.258520 -0.110524 1.025830 -0.261258 0.965209 -0.010795 -0.243362 0.103888 0.039235 0.993815 0.120791
0.946126 0.304130 -0.111132 1.595860 -0.304783 0.952353 0.011486 -0.456993 0.109330 0.023004 0.993739 0.177602
0.927808 0.357343 -0.107139 2.110560 -0.357662 0.933698 0.016878 -0.632211 0.106066 0.022660 0.994101 0.196601
0.902320 0.417306 -0.108045 2.623030 -0.418288 0.908199 0.014509 -0.903547 0.104181 0.032102 0.994040 0.274703
0.868936 0.483428 -0.106054 3.162440 -0.485081 0.874396 0.011337 -1.253190 0.098213 0.041593 0.994296 0.352051
0.825077 0.556520 -0.097636 3.724930 -0.558412 0.829512 0.009294 -1.622870 0.086163 0.046853 0.995179 0.390568
0.771969 0.630289 -0.082455 4.247540 -0.633057 0.774040 -0.010088 -2.084780 0.057465 0.059986 0.996544 0.445137
0.708098 0.701757 -0.078315 4.734510 -0.704945 0.708943 -0.021254 -2.630960 0.040606 0.070257 0.996702 0.502657
0.635354 0.768339 -0.077334 5.173430 -0.771787 0.635161 -0.030246 -3.256620 0.025881 0.078902 0.996546 0.519186
0.553072 0.829256 -0.080291 5.564020 -0.833076 0.551594 -0.041579 -3.946650 0.009809 0.089885 0.995904 0.555401
0.465637 0.881290 -0.080688 5.953620 -0.884976 0.463638 -0.043099 -4.711150 -0.000573 0.091475 0.995807 0.573864
0.378548 0.922215 -0.078870 6.318590 -0.925484 0.375893 -0.046732 -5.593470 -0.013451 0.090683 0.995789 0.564027
0.296579 0.951673 -0.079749 6.586680 -0.954717 0.293392 -0.049354 -6.515910 -0.023571 0.090775 0.995592 0.562737
0.217209 0.972593 -0.082970 6.783510 -0.975732 0.213924 -0.046726 -7.495790 -0.027697 0.091106 0.995456 0.547436
0.144302 0.985914 -0.084565 6.938930 -0.989043 0.141011 -0.043707 -8.562080 -0.031167 0.089945 0.995459 0.516602
0.083613 0.992710 -0.086806 7.016650 -0.995816 0.080014 -0.044145 -9.697880 -0.036877 0.090134 0.995247 0.482648
0.038904 0.995106 -0.090832 7.070720 -0.998285 0.034725 -0.047135 -10.929400 -0.043750 0.092510 0.994750 0.449348
0.009400 0.995588 -0.093362 7.080410 -0.998714 0.004696 -0.050480 -12.233600 -0.049818 0.093717 0.994352 0.403216
-0.009707 0.995490 -0.094369 7.078000 -0.998466 -0.014794 -0.053347 -13.556600 -0.054503 0.093706 0.994107 0.343002
-0.025337 0.995295 -0.093522 7.036500 -0.997954 -0.030676 -0.056102 -14.932900 -0.058707 0.091909 0.994035 0.274863
-0.042915 0.994698 -0.093452 6.982270 -0.996817 -0.048921 -0.062955 -16.334000 -0.067193 0.090453 0.993631 0.208325
-0.063748 0.993462 -0.094710 6.890630 -0.995327 -0.070190 -0.066314 -17.715500 -0.072528 0.090040 0.993294 0.131155
-0.092420 0.991398 -0.092673 6.785860 -0.992948 -0.098702 -0.065670 -19.134700 -0.074252 0.085950 0.993529 0.053489
-0.131055 0.986936 -0.093713 6.601070 -0.988474 -0.137313 -0.063758 -20.576800 -0.075793 0.084277 0.993556 -0.044873
-0.168221 0.981104 -0.095590 6.346220 -0.982642 -0.174594 -0.062697 -22.008500 -0.078202 0.083384 0.993444 -0.129531
-0.210714 0.972985 -0.094344 6.055180 -0.974161 -0.217031 -0.062521 -23.456100 -0.081308 0.078732 0.993575 -0.230869
-0.256555 0.961919 -0.094297 5.710970 -0.962946 -0.262778 -0.060691 -24.884300 -0.083158 0.075232 0.993692 -0.333677
-0.303155 0.948719 -0.089609 5.266730 -0.949359 -0.308823 -0.057847 -26.322200 -0.082554 0.067534 0.994296 -0.441365
-0.355173 0.930360 -0.091009 4.758920 -0.931549 -0.360370 -0.048482 -27.721100 -0.077902 0.067559 0.994669 -0.553445
-0.407524 0.908095 -0.096370 4.135010 -0.910409 -0.412248 -0.034735 -29.080800 -0.071271 0.073580 0.994739 -0.659670
-0.457431 0.883674 -0.099381 3.445670 -0.886881 -0.461501 -0.021428 -30.439100 -0.064800 0.078337 0.994819 -0.759474
-0.507318 0.856902 -0.091366 2.663400 -0.860556 -0.509355 0.001181 -31.747600 -0.045525 0.079225 0.995817 -0.843429
-0.554286 0.828714 -0.077462 1.818150 -0.832026 -0.554179 0.024844 -33.053000 -0.022339 0.078220 0.996686 -0.903906
-0.600049 0.797388 -0.064140 0.856121 -0.799954 -0.598508 0.043153 -34.367000 -0.003979 0.077203 0.997007 -0.918279
-0.639351 0.766087 -0.065894 -0.237998 -0.768860 -0.637981 0.042838 -35.705300 -0.009222 0.078052 0.996907 -0.919164
-0.669313 0.739072 -0.076104 -1.424220 -0.742779 -0.667997 0.045385 -36.997400 -0.017295 0.086905 0.996067 -0.929277
-0.691564 0.718009 -0.078758 -2.636280 -0.722042 -0.690180 0.048030 -38.284500 -0.019872 0.090082 0.995736 -0.958274
-0.716879 0.692828 -0.077938 -5.257890 -0.696795 -0.715772 0.046336 -40.924100 -0.023683 0.087524 0.995881 -1.004540
-0.721515 0.688068 -0.077317 -6.662170 -0.691874 -0.720807 0.041812 -42.301600 -0.026962 0.083662 0.996129 -1.034620
-0.725566 0.684125 -0.074339 -9.487460 -0.687589 -0.725100 0.038092 -45.030100 -0.027844 0.078753 0.996505 -1.122980
-0.725389 0.684407 -0.073466 -10.933700 -0.687728 -0.725102 0.035464 -46.427700 -0.028999 0.076249 0.996667 -1.154790
-0.724602 0.685220 -0.073661 -12.386500 -0.688538 -0.724361 0.034887 -47.828000 -0.029451 0.075998 0.996673 -1.204400
-0.722567 0.687487 -0.072518 -13.879500 -0.690704 -0.722317 0.034431 -49.258300 -0.028710 0.074967 0.996773 -1.242400
-0.721269 0.688856 -0.072438 -15.353100 -0.692052 -0.721052 0.033880 -50.692000 -0.028894 0.074567 0.996797 -1.278620
-0.720728 0.689686 -0.069884 -16.839600 -0.692704 -0.720406 0.034294 -52.135200 -0.026693 0.073125 0.996965 -1.326600
-0.719951 0.690606 -0.068802 -18.366800 -0.693502 -0.719712 0.032700 -53.613300 -0.026935 0.071257 0.997094 -1.367890
-0.719851 0.690600 -0.069902 -19.921600 -0.693516 -0.719790 0.030625 -55.136200 -0.029165 0.070524 0.997084 -1.402100
-0.719750 0.690658 -0.070366 -21.509000 -0.693651 -0.719592 0.032163 -56.641900 -0.028421 0.071958 0.997003 -1.442160
-0.719628 0.690829 -0.069939 -23.071500 -0.693856 -0.719286 0.034529 -58.140600 -0.026453 0.073376 0.996953 -1.479390
-0.719613 0.690744 -0.070917 -24.648300 -0.693832 -0.719329 0.034097 -59.656500 -0.027460 0.073741 0.996899 -1.528660
-0.719622 0.690737 -0.070895 -26.256100 -0.693738 -0.719556 0.031098 -61.200900 -0.029532 0.071561 0.996999 -1.554080
-0.722283 0.688114 -0.069327 -27.795000 -0.691032 -0.722110 0.032123 -62.706700 -0.027957 0.071109 0.997077 -1.593580
-0.724067 0.686408 -0.067600 -29.347200 -0.689182 -0.723912 0.031291 -64.196300 -0.027458 0.069246 0.997222 -1.626450
-0.723988 0.685904 -0.073328 -30.948000 -0.688797 -0.724593 0.022909 -65.704500 -0.037419 0.067094 0.997045 -1.651190
-0.723624 0.685903 -0.076849 -32.514800 -0.688871 -0.724637 0.018914 -67.186000 -0.042715 0.066625 0.996863 -1.701660
-0.723727 0.686067 -0.074374 -34.062200 -0.689144 -0.724160 0.025952 -68.651300 -0.036054 0.070037 0.996893 -1.756670
-0.722274 0.687486 -0.075385 -35.610600 -0.690544 -0.722908 0.023514 -70.143600 -0.038331 0.069040 0.996877 -1.820290
-0.719283 0.690381 -0.077500 -37.178300 -0.692974 -0.720898 0.009686 -71.660000 -0.049183 0.060673 0.996945 -1.874920
-0.714986 0.694873 -0.077114 -38.710200 -0.697110 -0.716958 0.002972 -73.177800 -0.053222 0.055882 0.997018 -1.962300
-0.706267 0.703672 -0.077670 -40.217200 -0.706276 -0.707879 0.009070 -74.671200 -0.048598 0.061262 0.996938 -2.035890
-0.690150 0.718986 -0.082175 -41.721800 -0.722189 -0.691539 0.014742 -76.193200 -0.046228 0.069520 0.996509 -2.096480
-0.671726 0.736320 -0.081341 -43.161400 -0.739364 -0.673204 0.011757 -77.768800 -0.046102 0.068038 0.996617 -2.172070
-0.652072 0.753683 -0.082238 -44.591800 -0.756697 -0.653705 0.008933 -79.390400 -0.047027 0.068054 0.996573 -2.248280
-0.629806 0.772363 -0.082461 -45.948700 -0.775587 -0.631120 0.012322 -81.031200 -0.042526 0.071716 0.996518 -2.314040
-0.609950 0.789086 -0.072830 -47.262700 -0.792050 -0.609952 0.024808 -82.756100 -0.024847 0.072816 0.997036 -2.363280
-0.587830 0.805636 -0.073535 -48.554300 -0.808573 -0.587998 0.021636 -84.504600 -0.025808 0.072176 0.997058 -2.396660
-0.571420 0.817975 -0.066301 -49.787200 -0.820493 -0.571056 0.026201 -86.265600 -0.016429 0.069372 0.997456 -2.423250
-0.560476 0.826233 -0.056622 -50.999700 -0.828103 -0.559990 0.025611 -88.070200 -0.010547 0.061243 0.998067 -2.432960
-0.552791 0.831487 -0.055244 -52.199000 -0.833167 -0.552743 0.017546 -89.870100 -0.015946 0.055726 0.998319 -2.444720
-0.549844 0.833046 -0.060882 -53.382800 -0.835004 -0.550038 0.015034 -91.747300 -0.020964 0.059103 0.998032 -2.489690
-0.544547 0.837097 -0.052312 -54.540700 -0.838651 -0.544293 0.020229 -93.544200 -0.011539 0.054887 0.998426 -2.494150
-0.533963 0.843843 -0.053036 -55.726800 -0.845414 -0.533787 0.018616 -95.407300 -0.012601 0.054777 0.998419 -2.488820
-0.522669 0.850495 -0.058954 -56.878000 -0.852436 -0.522412 0.020932 -97.255600 -0.012996 0.061195 0.998041 -2.515440
-0.511135 0.857971 -0.051244 -57.982100 -0.859473 -0.510688 0.022451 -99.109700 -0.006907 0.055518 0.998434 -2.468210
-0.495266 0.866740 -0.058930 -59.092100 -0.868712 -0.494666 0.025394 -101.037000 -0.007141 0.063770 0.997939 -2.476120
-0.478002 0.876465 -0.057648 -60.146500 -0.878318 -0.477584 0.021719 -102.968000 -0.008496 0.061015 0.998101 -2.466100
-0.462349 0.884815 -0.057748 -61.160200 -0.886667 -0.461893 0.021814 -104.894000 -0.007372 0.061289 0.998093 -2.459040
-0.447683 0.891443 -0.070070 -62.171600 -0.894147 -0.447074 0.025019 -106.841000 -0.009024 0.073854 0.997228 -2.457770
-0.435489 0.897307 -0.072036 -63.119300 -0.900154 -0.434825 0.025483 -108.785000 -0.008457 0.075941 0.997076 -2.454160
-0.425677 0.902034 -0.071646 -64.019300 -0.904826 -0.425143 0.023314 -110.733000 -0.009429 0.074751 0.997158 -2.460940
-0.417720 0.905993 -0.068458 -64.893600 -0.908408 -0.417904 0.012295 -112.629000 -0.017469 0.067324 0.997578 -2.452530
-0.413959 0.907925 -0.065652 -65.747800 -0.910214 -0.413806 0.016553 -114.508000 -0.012139 0.066609 0.997705 -2.433980
-0.412105 0.909043 -0.061735 -66.578600 -0.911098 -0.411760 0.018807 -116.357000 -0.008324 0.063997 0.997915 -2.433060
-0.410677 0.910027 -0.056522 -67.397900 -0.911749 -0.410393 0.017091 -118.222000 -0.007643 0.058553 0.998255 -2.415050
-0.411560 0.909627 -0.056535 -68.202800 -0.911369 -0.411102 0.020046 -120.041000 -0.005007 0.059774 0.998199 -2.417140
-0.410759 0.910042 -0.055676 -69.021500 -0.911743 -0.409929 0.026120 -121.867000 0.000947 0.061491 0.998107 -2.398970
-0.402359 0.913366 -0.062209 -69.833700 -0.915469 -0.401784 0.022045 -123.696000 -0.004860 0.065821 0.997820 -2.378300
-0.387746 0.918752 -0.074485 -70.597000 -0.921760 -0.386778 0.027590 -125.441000 -0.003461 0.079355 0.996840 -2.374470
-0.370468 0.925764 -0.075598 -71.317600 -0.928845 -0.369156 0.031159 -127.250000 0.000939 0.081762 0.996651 -2.356420
-0.351077 0.932977 -0.079366 -71.979900 -0.936343 -0.349587 0.032415 -128.969000 0.002498 0.085694 0.996318 -2.342310
-0.329741 0.939921 -0.088432 -72.653900 -0.944059 -0.327802 0.036034 -130.824000 0.004881 0.095367 0.995430 -2.307010
-0.310552 0.945559 -0.097341 -73.221100 -0.950273 -0.306326 0.056093 -132.498000 0.023221 0.109921 0.993669 -2.260670
-0.293176 0.953575 -0.068863 -73.778400 -0.955528 -0.289853 0.054334 -134.404000 0.031851 0.081730 0.996145 -2.187810
-0.279715 0.957570 -0.069421 -74.299500 -0.959467 -0.276212 0.055952 -136.210000 0.034403 0.082258 0.996017 -2.106590
-0.273578 0.960471 -0.051487 -74.799600 -0.961080 -0.270826 0.054583 -138.029000 0.038482 0.064416 0.997181 -2.045690
-0.272511 0.959936 -0.065268 -75.316400 -0.961552 -0.269318 0.053713 -139.837000 0.033983 0.077396 0.996421 -1.940470
-0.269680 0.960502 -0.068612 -75.834300 -0.962398 -0.266428 0.052977 -141.658000 0.032605 0.080319 0.996236 -1.851870
-0.258157 0.963420 -0.071945 -76.337300 -0.965564 -0.254811 0.052511 -143.534000 0.032257 0.083023 0.996025 -1.770850
-0.242326 0.967474 -0.072608 -76.806500 -0.969677 -0.239072 0.050710 -145.412000 0.031702 0.082695 0.996071 -1.682470
-0.224729 0.971923 -0.069724 -77.208700 -0.973801 -0.221459 0.051643 -147.198000 0.034752 0.079503 0.996229 -1.609910
-0.205364 0.975707 -0.076297 -77.621700 -0.978106 -0.201935 0.050314 -149.050000 0.033684 0.084959 0.995815 -1.531960
-0.180763 0.979415 -0.089842 -77.986600 -0.982992 -0.176897 0.049345 -150.848000 0.032436 0.097233 0.994733 -1.448150
-0.154874 0.983977 -0.088332 -78.280600 -0.987367 -0.151135 0.047595 -152.643000 0.033483 0.094587 0.994953 -1.347410
-0.129162 0.987721 -0.087889 -78.521000 -0.991227 -0.126095 0.039622 -154.468000 0.028053 0.092235 0.995342 -1.303210
-0.103745 0.990951 -0.085161 -78.721100 -0.994560 -0.102553 0.018262 -156.261000 0.009363 0.086592 0.996200 -1.236940
-0.078535 0.993373 -0.083918 -78.860500 -0.996882 -0.077610 0.014244 -158.038000 0.007637 0.084775 0.996371 -1.180690
-0.055405 0.995286 -0.079598 -78.963400 -0.998442 -0.054696 0.011059 -159.832000 0.006653 0.080087 0.996766 -1.107340
-0.034668 0.996813 -0.071846 -79.007300 -0.999015 -0.032572 0.030139 -161.541000 0.027703 0.072820 0.996960 -0.998568
-0.011624 0.997461 -0.070266 -79.052400 -0.999494 -0.009509 0.030355 -163.297000 0.029610 0.070583 0.997066 -1.015010
0.013303 0.996971 -0.076626 -79.041600 -0.999901 0.013609 0.003480 -165.096000 0.004513 0.076572 0.997054 -0.955446
0.037078 0.996214 -0.078631 -78.989600 -0.999307 0.037231 0.000477 -166.761000 0.003403 0.078559 0.996904 -0.890705
0.058315 0.995323 -0.077018 -78.886900 -0.998296 0.058312 -0.002302 -168.419000 0.002200 0.077021 0.997027 -0.871259
0.081027 0.993921 -0.074531 -78.767000 -0.996712 0.080776 -0.006387 -170.059000 -0.000328 0.074803 0.997198 -0.854412
0.105263 0.991631 -0.074747 -78.617800 -0.994444 0.104951 -0.008098 -171.655000 -0.000185 0.075184 0.997170 -0.820570
0.131001 0.988351 -0.077462 -78.404500 -0.991364 0.131067 -0.004257 -173.180000 0.005945 0.077350 0.996986 -0.780608
0.153633 0.985268 -0.075127 -78.157300 -0.988108 0.153671 -0.005301 -174.708000 0.006322 0.075048 0.997160 -0.765150
0.170401 0.982849 -0.070514 -77.873300 -0.985374 0.170058 -0.010878 -176.226000 0.001301 0.071337 0.997451 -0.732802
0.175952 0.981935 -0.069605 -77.622000 -0.984394 0.175285 -0.015629 -177.710000 -0.003146 0.071269 0.997452 -0.717241
0.177735 0.981309 -0.073770 -77.381400 -0.984078 0.177162 -0.014290 -179.116000 -0.000954 0.075135 0.997173 -0.680368
0.174504 0.981931 -0.073214 -77.124800 -0.984656 0.174052 -0.012569 -180.484000 0.000401 0.074284 0.997237 -0.667761
0.166400 0.983317 -0.073481 -76.893500 -0.986055 0.165734 -0.015118 -181.856000 -0.002688 0.074972 0.997182 -0.651240
0.147613 0.986438 -0.071766 -76.664300 -0.989031 0.146827 -0.016136 -183.204000 -0.005380 0.073361 0.997291 -0.632736
0.122999 0.989763 -0.072389 -76.478500 -0.992370 0.122039 -0.017557 -184.592000 -0.008543 0.073996 0.997222 -0.629095
0.100602 0.992238 -0.073095 -76.324800 -0.994899 0.099773 -0.014907 -185.954000 -0.007498 0.074222 0.997214 -0.620018
0.084806 0.993581 -0.074869 -76.229200 -0.996396 0.084422 -0.008273 -187.289000 -0.001900 0.075301 0.997159 -0.617471
0.071635 0.994512 -0.076249 -76.120500 -0.997396 0.070786 -0.013780 -188.662000 -0.008307 0.077037 0.996994 -0.602627
0.064925 0.995050 -0.075241 -76.025700 -0.997841 0.063990 -0.014778 -190.003000 -0.009890 0.076038 0.997056 -0.599919
0.062499 0.995082 -0.076853 -75.950800 -0.997962 0.061316 -0.017663 -191.339000 -0.012864 0.077801 0.996886 -0.599509
0.062768 0.994590 -0.082765 -75.879000 -0.997980 0.061730 -0.015039 -192.678000 -0.009849 0.083542 0.996456 -0.593865
0.067010 0.994419 -0.081486 -75.795400 -0.997733 0.066272 -0.011728 -193.998000 -0.006262 0.082087 0.996605 -0.587457
0.076870 0.993324 -0.086015 -75.703300 -0.996925 0.075260 -0.021815 -195.320000 -0.015196 0.087427 0.996055 -0.589217
0.086226 0.992866 -0.082359 -75.599700 -0.995979 0.083888 -0.031446 -196.663000 -0.024313 0.084739 0.996107 -0.578944
0.095585 0.992206 -0.079945 -75.446900 -0.995089 0.093171 -0.033413 -197.947000 -0.025704 0.082746 0.996239 -0.599120
0.102811 0.991443 -0.080437 -75.311800 -0.994334 0.100240 -0.035387 -199.255000 -0.027021 0.083619 0.996131 -0.608676
0.114446 0.990393 -0.077608 -75.151300 -0.993089 0.112011 -0.035053 -200.579000 -0.026023 0.081083 0.996368 -0.628886
0.130791 0.988516 -0.075695 -74.978200 -0.991063 0.128344 -0.036349 -201.913000 -0.026217 0.079772 0.996468 -0.640873
0.145188 0.986609 -0.074317 -74.789500 -0.989092 0.142846 -0.035947 -203.275000 -0.024849 0.078725 0.996587 -0.659695
0.156669 0.985322 -0.067795 -74.551900 -0.987283 0.154366 -0.038002 -204.651000 -0.026978 0.072886 0.996975 -0.679139
0.164592 0.984439 -0.061562 -74.305000 -0.985749 0.161969 -0.045448 -206.055000 -0.034770 0.068165 0.997068 -0.723755
0.168484 0.984105 -0.056126 -74.047600 -0.985008 0.165952 -0.047100 -207.455000 -0.037037 0.063220 0.997312 -0.724328
0.168829 0.984215 -0.053072 -73.798500 -0.985257 0.167006 -0.037114 -208.841000 -0.027664 0.058555 0.997901 -0.750745
0.167177 0.984800 -0.047118 -73.543000 -0.985512 0.165529 -0.036956 -210.222000 -0.028595 0.052613 0.998205 -0.779170
0.165306 0.985054 -0.048401 -73.281800 -0.985849 0.163655 -0.036324 -211.630000 -0.027860 0.053720 0.998167 -0.806029
0.164331 0.984943 -0.053685 -73.051300 -0.986079 0.162633 -0.034633 -213.043000 -0.025381 0.058629 0.997957 -0.825758
0.162586 0.985185 -0.054561 -72.825700 -0.986510 0.161237 -0.028295 -214.461000 -0.019079 0.058426 0.998109 -0.836656
0.161314 0.985143 -0.058907 -72.590100 -0.986716 0.159833 -0.029075 -215.925000 -0.019228 0.062815 0.997840 -0.846426
0.161619 0.985180 -0.057449 -72.330200 -0.986539 0.159826 -0.034582 -217.436000 -0.024887 0.062265 0.997749 -0.876934
0.163572 0.984697 -0.060141 -72.071200 -0.986464 0.162543 -0.021647 -218.950000 -0.011540 0.062868 0.997955 -0.881663
0.167086 0.984951 -0.044194 -71.778900 -0.985814 0.166174 -0.023595 -220.524000 -0.015896 0.047510 0.998744 -0.892093
0.172389 0.984007 -0.044849 -71.491900 -0.984410 0.170488 -0.043259 -222.158000 -0.034921 0.051607 0.998057 -0.951087
0.176911 0.983136 -0.046335 -71.210700 -0.983472 0.174737 -0.047426 -223.815000 -0.038529 0.053959 0.997800 -0.971763
0.181692 0.982100 -0.049667 -70.897700 -0.982964 0.179963 -0.037356 -225.498000 -0.027749 0.055608 0.998067 -1.019870
0.183833 0.981755 -0.048613 -70.569800 -0.982658 0.182332 -0.033738 -227.166000 -0.024259 0.053972 0.998248 -1.041740
0.186662 0.981322 -0.046533 -70.223200 -0.982059 0.185093 -0.036055 -228.924000 -0.026768 0.052428 0.998266 -1.071590
0.191713 0.979837 -0.056270 -69.875200 -0.980792 0.189168 -0.047574 -230.698000 -0.035971 0.064310 0.997282 -1.098880
0.197442 0.978390 -0.061393 -69.535100 -0.978941 0.193463 -0.065168 -232.510000 -0.051883 0.072967 0.995984 -1.173090
0.202531 0.977440 -0.059941 -69.156200 -0.978510 0.199573 -0.051858 -234.266000 -0.038725 0.069156 0.996854 -1.222160
0.206138 0.976972 -0.055078 -68.755100 -0.978067 0.203999 -0.042055 -236.032000 -0.029851 0.062539 0.997596 -1.249050
0.212858 0.975584 -0.054107 -68.365900 -0.976597 0.210679 -0.043275 -237.794000 -0.030819 0.062052 0.997597 -1.285370
0.216821 0.974864 -0.051276 -67.970200 -0.975612 0.214548 -0.046365 -239.583000 -0.034198 0.060079 0.997608 -1.320580
0.219437 0.974483 -0.047231 -67.553700 -0.974859 0.217088 -0.050219 -241.386000 -0.038684 0.057064 0.997621 -1.363190
0.221433 0.973818 -0.051439 -67.130500 -0.974694 0.219358 -0.043054 -243.194000 -0.030644 0.059671 0.997748 -1.409730
0.225957 0.972872 -0.049633 -66.714000 -0.973499 0.223671 -0.047662 -245.024000 -0.035268 0.059087 0.997630 -1.436770
0.230070 0.972105 -0.045611 -66.267500 -0.972339 0.227678 -0.052150 -246.877000 -0.040311 0.056348 0.997597 -1.488600
0.232631 0.971498 -0.045545 -65.801900 -0.972119 0.230850 -0.041146 -248.733000 -0.029460 0.053847 0.998115 -1.535860
0.237806 0.970152 -0.047475 -65.338400 -0.971094 0.236431 -0.032820 -250.601000 -0.020616 0.053907 0.998333 -1.559940
0.243818 0.968694 -0.046732 -64.853200 -0.969462 0.242134 -0.038914 -252.507000 -0.026381 0.054793 0.998149 -1.569830
0.245776 0.968179 -0.047154 -64.364000 -0.968787 0.243726 -0.045263 -254.434000 -0.032330 0.056807 0.997862 -1.616430
0.246661 0.968053 -0.045080 -63.864600 -0.968658 0.244874 -0.041689 -256.378000 -0.029318 0.053951 0.998113 -1.647500
0.246683 0.968062 -0.044751 -63.359800 -0.968760 0.245117 -0.037708 -258.306000 -0.025534 0.052655 0.998286 -1.677570
0.247963 0.967810 -0.043108 -62.855700 -0.968637 0.246949 -0.027533 -260.243000 -0.016001 0.048584 0.998691 -1.705420
0.251683 0.967032 -0.038792 -62.336300 -0.967603 0.250597 -0.030760 -262.196000 -0.020025 0.045277 0.998774 -1.703760
0.256199 0.965786 -0.040241 -61.831800 -0.966373 0.254961 -0.033451 -264.132000 -0.022046 0.047458 0.998630 -1.724890
0.261030 0.964484 -0.040432 -61.293700 -0.965171 0.259996 -0.029108 -266.070000 -0.017563 0.046622 0.998758 -1.722680
0.266680 0.963175 -0.034294 -60.730500 -0.963483 0.265536 -0.034512 -268.021000 -0.024134 0.042246 0.998816 -1.734770
0.275020 0.961048 -0.027394 -60.156300 -0.961013 0.273938 -0.037584 -269.971000 -0.028615 0.036662 0.998918 -1.771220
0.284441 0.958298 -0.027523 -59.569100 -0.958666 0.284100 -0.015692 -271.859000 -0.007218 0.030849 0.999498 -1.784740
0.293747 0.955671 -0.020129 -58.975600 -0.955858 0.293521 -0.013441 -273.785000 -0.006937 0.023189 0.999707 -1.780250
0.303801 0.952495 -0.021397 -58.350100 -0.952507 0.303160 -0.028696 -275.745000 -0.020846 0.029099 0.999359 -1.784380
0.315703 0.948377 -0.030219 -57.739300 -0.948753 0.315035 -0.024896 -277.649000 -0.014091 0.036531 0.999233 -1.779500
0.325889 0.945071 -0.025224 -57.049000 -0.945283 0.325297 -0.024923 -279.548000 -0.015348 0.031966 0.999371 -1.780870
0.335607 0.941629 -0.026522 -56.379400 -0.941941 0.335130 -0.020857 -281.458000 -0.010752 0.031982 0.999431 -1.783160
0.346615 0.937647 -0.026006 -55.685900 -0.937999 0.346363 -0.013777 -283.335000 -0.003911 0.029169 0.999567 -1.769500
0.360963 0.932370 -0.019771 -54.940200 -0.932458 0.360492 -0.023806 -285.247000 -0.015069 0.027029 0.999521 -1.769040
0.377130 0.926087 -0.011658 -54.158600 -0.925794 0.376598 -0.032849 -287.149000 -0.026030 0.023181 0.999392 -1.787910
0.392437 0.919593 -0.018461 -53.378000 -0.919689 0.392040 -0.021818 -288.998000 -0.012826 0.025540 0.999592 -1.787360
0.408272 0.912373 -0.029831 -52.572300 -0.912845 0.408237 -0.007514 -290.842000 0.005323 0.030299 0.999527 -1.789400
0.424552 0.904824 -0.032383 -51.714300 -0.905397 0.424418 -0.011235 -292.700000 0.003578 0.034090 0.999412 -1.755430
0.436496 0.899065 -0.033956 -50.825700 -0.899607 0.435579 -0.031261 -294.565000 -0.013315 0.044192 0.998934 -1.734260
0.448344 0.893393 -0.028914 -49.894400 -0.893730 0.447490 -0.031596 -296.390000 -0.015289 0.040007 0.999082 -1.719830
0.458723 0.888164 -0.027165 -48.962700 -0.888452 0.457925 -0.030947 -298.188000 -0.015047 0.038331 0.999152 -1.713910
0.466525 0.883956 -0.031235 -48.016400 -0.884480 0.465937 -0.024461 -299.966000 -0.007069 0.039039 0.999213 -1.719590
0.473445 0.880390 -0.027646 -47.054300 -0.880757 0.472790 -0.027141 -301.769000 -0.010823 0.037199 0.999249 -1.704470
0.480715 0.876354 -0.030293 -46.072400 -0.876747 0.479762 -0.033799 -303.557000 -0.015086 0.042807 0.998969 -1.722140
0.487260 0.872318 -0.040483 -45.116600 -0.873245 0.486490 -0.027745 -305.306000 -0.004508 0.048871 0.998795 -1.694510
0.490342 0.870341 -0.045511 -44.148900 -0.871530 0.489698 -0.025122 -307.050000 0.000421 0.051982 0.998648 -1.673710
0.494504 0.868124 -0.042736 -43.144500 -0.869170 0.493726 -0.027901 -308.806000 -0.003121 0.050942 0.998697 -1.649560
0.500888 0.864392 -0.044020 -42.138300 -0.865465 0.499680 -0.035926 -310.564000 -0.009059 0.056093 0.998384 -1.638670
0.505930 0.861270 -0.047424 -41.134000 -0.862554 0.504770 -0.034758 -312.286000 -0.005998 0.058491 0.998270 -1.614190
0.507685 0.860019 -0.051220 -40.124600 -0.861540 0.506637 -0.032663 -313.993000 -0.002141 0.060711 0.998153 -1.591670
0.507047 0.860405 -0.051067 -39.117500 -0.861901 0.505772 -0.036340 -315.704000 -0.005439 0.062441 0.998034 -1.573160
0.504113 0.862535 -0.043617 -38.088200 -0.863574 0.502823 -0.037531 -317.400000 -0.010440 0.056587 0.998343 -1.543030
0.497583 0.866476 -0.040376 -37.102300 -0.867340 0.496383 -0.036399 -319.107000 -0.011497 0.053131 0.998521 -1.537370
0.493458 0.868560 -0.045859 -36.127500 -0.869719 0.492174 -0.036805 -320.796000 -0.009396 0.058046 0.998270 -1.546970
0.497772 0.865767 -0.051680 -35.161800 -0.867278 0.496376 -0.037946 -322.511000 -0.007199 0.063710 0.997942 -1.532340
0.507986 0.860031 -0.047916 -34.181000 -0.861292 0.506431 -0.041285 -324.208000 -0.011240 0.062242 0.997998 -1.529020
0.512511 0.857231 -0.049879 -33.194100 -0.858603 0.510817 -0.043213 -325.883000 -0.011565 0.064973 0.997820 -1.509490
0.511231 0.857926 -0.051048 -32.203600 -0.859405 0.509745 -0.039773 -327.524000 -0.008101 0.064204 0.997904 -1.509250
0.503201 0.862529 -0.053222 -31.214700 -0.864145 0.501763 -0.038571 -329.178000 -0.006564 0.065400 0.997838 -1.496590
0.493940 0.868286 -0.045853 -30.227600 -0.869458 0.492739 -0.035373 -330.862000 -0.008120 0.057340 0.998322 -1.480240
0.482720 0.875089 -0.034654 -29.267500 -0.875599 0.481454 -0.039083 -332.532000 -0.017517 0.049209 0.998635 -1.488280
0.471050 0.881412 -0.034981 -28.317800 -0.882037 0.470146 -0.031193 -334.230000 -0.011048 0.045548 0.998901 -1.490880
0.461846 0.886130 -0.038366 -27.434100 -0.886885 0.460810 -0.033009 -335.935000 -0.011570 0.049271 0.998718 -1.489680
0.454316 0.890013 -0.038388 -26.536300 -0.890743 0.453204 -0.034404 -337.679000 -0.013222 0.049824 0.998670 -1.483750
0.448500 0.893230 -0.031429 -25.639100 -0.893664 0.447589 -0.032089 -339.406000 -0.014596 0.042479 0.998991 -1.482570
0.442815 0.896169 -0.028231 -24.740100 -0.896476 0.441977 -0.031407 -341.164000 -0.015669 0.039216 0.999108 -1.492030
0.436903 0.899216 -0.022965 -23.857400 -0.899339 0.436182 -0.030573 -342.925000 -0.017475 0.034010 0.999269 -1.500910
0.432853 0.901113 -0.025155 -23.001300 -0.901291 0.432054 -0.031682 -344.701000 -0.017681 0.036386 0.999181 -1.515460
0.428756 0.903098 -0.024111 -22.135600 -0.903252 0.428008 -0.030752 -346.482000 -0.017452 0.034963 0.999236 -1.512670
0.424909 0.904957 -0.022481 -21.283700 -0.905042 0.424173 -0.031235 -348.262000 -0.018731 0.033619 0.999259 -1.527360
0.421559 0.906516 -0.022738 -20.443800 -0.906620 0.420841 -0.030540 -350.056000 -0.018115 0.033489 0.999275 -1.536580
0.418955 0.907754 -0.021451 -19.607000 -0.907730 0.418127 -0.034571 -351.869000 -0.022413 0.033955 0.999172 -1.562200
0.416034 0.909048 -0.023385 -18.770700 -0.908880 0.414857 -0.042777 -353.688000 -0.029185 0.039051 0.998811 -1.579390
0.413933 0.909770 -0.031267 -17.946100 -0.909952 0.412567 -0.042149 -355.485000 -0.025446 0.045899 0.998622 -1.597390
0.410846 0.910980 -0.036347 -17.121500 -0.911506 0.409598 -0.037244 -357.307000 -0.019041 0.048432 0.998645 -1.618810
0.408834 0.911844 -0.037352 -16.313700 -0.912304 0.407298 -0.042534 -359.123000 -0.023571 0.051466 0.998397 -1.631790
0.404612 0.913592 -0.040476 -15.510700 -0.914060 0.402671 -0.048486 -360.947000 -0.027998 0.056615 0.998003 -1.650920
0.400030 0.915481 -0.043248 -14.699400 -0.916087 0.397984 -0.048917 -362.796000 -0.027571 0.059188 0.997866 -1.672680
0.397997 0.916198 -0.046686 -13.914100 -0.916991 0.395814 -0.049597 -364.621000 -0.026962 0.062550 0.997678 -1.702020
0.398972 0.915662 -0.048835 -13.120400 -0.916476 0.396458 -0.053781 -366.453000 -0.029884 0.066214 0.997358 -1.723040
0.402027 0.914177 -0.051533 -12.324300 -0.915210 0.399507 -0.052762 -368.267000 -0.027646 0.068375 0.997277 -1.753490
0.407245 0.911781 -0.052979 -11.522500 -0.912883 0.404574 -0.054450 -370.088000 -0.028212 0.070538 0.997110 -1.778390
0.413023 0.908793 -0.059221 -10.701100 -0.910258 0.409867 -0.058648 -371.904000 -0.029026 0.078130 0.996521 -1.815630
0.418579 0.905797 -0.065747 -9.909180 -0.907693 0.414885 -0.062964 -373.681000 -0.029755 0.086034 0.995848 -1.838630
0.423169 0.903069 -0.073448 -9.117450 -0.905508 0.418718 -0.068784 -375.423000 -0.031363 0.095615 0.994924 -1.861930
0.426367 0.901187 -0.077934 -8.338700 -0.903930 0.421300 -0.073599 -377.119000 -0.033493 0.101827 0.994238 -1.887760
0.426190 0.901167 -0.079118 -7.561630 -0.903938 0.420801 -0.076304 -378.765000 -0.035470 0.104038 0.993941 -1.925650
0.425643 0.901648 -0.076540 -6.795310 -0.904181 0.420436 -0.075429 -380.399000 -0.035830 0.101312 0.994209 -1.969900
0.422400 0.903820 -0.068470 -6.035310 -0.905322 0.416987 -0.080712 -382.000000 -0.044398 0.096080 0.994383 -1.996740
0.414760 0.908275 -0.054873 -5.294630 -0.907947 0.409124 -0.090824 -383.563000 -0.060043 0.087492 0.994354 -2.050020
0.402030 0.914511 -0.045190 -4.592910 -0.913289 0.396991 -0.091114 -385.085000 -0.065385 0.077901 0.994815 -2.107950
0.389168 0.920174 -0.042753 -3.940730 -0.918846 0.384477 -0.088877 -386.576000 -0.065345 0.073872 0.995125 -2.176590
0.373886 0.926535 -0.041742 -3.313190 -0.925431 0.369699 -0.083067 -388.040000 -0.061532 0.069686 0.995669 -2.239510
0.354815 0.934100 -0.039536 -2.756570 -0.932724 0.350751 -0.083664 -389.483000 -0.064283 0.066562 0.995709 -2.323580
0.336439 0.940885 -0.039286 -2.250930 -0.939320 0.332327 -0.085067 -390.869000 -0.066982 0.065521 0.995600 -2.399780
0.317204 0.947567 -0.038701 -1.785040 -0.945762 0.313055 -0.086785 -392.225000 -0.070119 0.064130 0.995475 -2.473930
0.300129 0.953124 -0.038447 -1.354820 -0.951558 0.296327 -0.082023 -393.536000 -0.066785 0.061202 0.995889 -2.526690
0.285176 0.957873 -0.033966 -0.940709 -0.956541 0.282171 -0.073549 -394.865000 -0.060866 0.053465 0.996713 -2.594100
0.273269 0.961387 -0.032545 -0.544188 -0.959304 0.269863 -0.083126 -396.205000 -0.071133 0.053936 0.996008 -2.660850
0.264017 0.964013 -0.031190 -0.169224 -0.961327 0.260378 -0.089748 -397.535000 -0.078397 0.053678 0.995476 -2.750580
0.257039 0.965861 -0.032301 0.169446 -0.963130 0.253278 -0.090727 -398.821000 -0.079448 0.054430 0.995352 -2.834650
0.249912 0.967441 -0.040030 0.485590 -0.965199 0.245617 -0.089797 -400.091000 -0.077041 0.061078 0.995155 -2.919830
0.243189 0.968763 -0.048549 0.793867 -0.967057 0.238271 -0.089596 -401.355000 -0.075229 0.068738 0.994794 -2.990110
0.236843 0.970262 -0.049974 1.100040 -0.967444 0.230808 -0.103827 -402.641000 -0.089205 0.072938 0.993339 -3.074910
0.226252 0.973413 -0.035740 1.430850 -0.967369 0.220249 -0.125246 -403.969000 -0.114045 0.062911 0.991482 -3.180690
0.212782 0.976414 -0.036606 1.730420 -0.969599 0.206368 -0.131489 -405.300000 -0.120833 0.063471 0.990642 -3.319470
0.197489 0.979600 -0.037180 2.018740 -0.972762 0.191132 -0.131157 -406.654000 -0.121375 0.062069 0.990664 -3.457020
0.184331 0.982038 -0.040291 2.282450 -0.973617 0.176833 -0.144223 -408.082000 -0.134508 0.065812 0.988725 -3.637470
0.173437 0.983449 -0.052423 2.518810 -0.974904 0.163899 -0.150660 -409.515000 -0.139575 0.077238 0.987195 -3.811560
0.161162 0.985360 -0.055603 2.765610 -0.977466 0.151581 -0.146912 -410.985000 -0.136333 0.078026 0.987586 -3.986070
0.141034 0.988706 -0.050698 3.002160 -0.980240 0.132285 -0.147072 -412.493000 -0.138705 0.070438 0.987826 -4.173660
0.118855 0.991350 -0.055656 3.200470 -0.982669 0.109414 -0.149635 -414.040000 -0.142251 0.072477 0.987174 -4.376790
0.096381 0.993745 -0.056407 3.366430 -0.984709 0.086935 -0.150963 -415.642000 -0.145115 0.070095 0.986929 -4.596800
0.071582 0.995569 -0.060984 3.490090 -0.987622 0.062190 -0.144000 -417.252000 -0.139569 0.070537 0.987697 -4.793220
0.047798 0.997056 -0.059950 3.594230 -0.991035 0.039842 -0.127521 -418.862000 -0.124757 0.065507 0.990022 -4.989590
0.027107 0.997813 -0.060293 3.641700 -0.992168 0.019498 -0.123383 -420.486000 -0.121938 0.063165 0.990526 -5.163940
0.010697 0.997461 -0.070409 3.657650 -0.992834 0.002214 -0.119481 -422.094000 -0.119022 0.071183 0.990337 -5.334750
-0.003506 0.996267 -0.086253 3.636990 -0.993735 -0.013106 -0.110987 -423.689000 -0.111703 0.085324 0.990072 -5.488610
-0.015386 0.995477 -0.093753 3.600960 -0.993210 -0.026029 -0.113388 -425.238000 -0.115315 0.091372 0.989118 -5.632720
-0.026674 0.995162 -0.094554 3.553560 -0.990698 -0.038943 -0.130388 -426.829000 -0.133439 0.090196 0.986944 -5.797350
-0.039328 0.994878 -0.093118 3.503300 -0.989129 -0.051975 -0.137558 -428.378000 -0.141694 0.086695 0.986107 -5.985160
-0.054218 0.995683 -0.075333 3.460160 -0.988961 -0.063965 -0.133658 -429.897000 -0.137900 0.067255 0.988160 -6.152410
-0.070106 0.995565 -0.062728 3.387130 -0.991184 -0.076608 -0.108096 -431.355000 -0.112422 0.054597 0.992160 -6.331130
-0.081196 0.995551 -0.047812 3.309020 -0.989282 -0.086340 -0.117758 -432.828000 -0.121362 0.037738 0.991891 -6.457000
-0.090427 0.995318 -0.034122 3.216330 -0.988111 -0.093944 -0.121703 -434.243000 -0.124339 0.022711 0.991980 -6.628530
-0.101594 0.994506 -0.025219 3.109350 -0.991405 -0.103312 -0.080261 -435.563000 -0.082426 0.016849 0.996455 -6.759250
-0.110288 0.993713 -0.019246 2.989510 -0.991270 -0.111383 -0.070550 -436.883000 -0.072251 0.011297 0.997323 -6.834070
-0.120768 0.992633 -0.009751 2.861160 -0.988877 -0.121159 -0.086273 -438.210000 -0.086818 -0.000776 0.996224 -6.920330
-0.134623 0.990695 -0.020000 2.685600 -0.988388 -0.135690 -0.068398 -439.472000 -0.070475 0.010560 0.997458 -7.010610
-0.149392 0.988624 -0.017447 2.497620 -0.986872 -0.150176 -0.059419 -440.733000 -0.061363 0.008342 0.998081 -7.057330
-0.163101 0.986295 -0.024894 2.286990 -0.984642 -0.164317 -0.058998 -441.990000 -0.062279 0.014889 0.997948 -7.122340
-0.174345 0.984285 -0.028042 2.067770 -0.983265 -0.175552 -0.048706 -443.232000 -0.052864 0.019081 0.998419 -7.180310
-0.186372 0.982210 -0.023021 1.860440 -0.981317 -0.187240 -0.044253 -444.454000 -0.047776 0.014343 0.998755 -7.238180
-0.201229 0.979283 -0.022609 1.628590 -0.978458 -0.202038 -0.042424 -445.628000 -0.046113 0.013585 0.998844 -7.270420
-0.215255 0.976193 -0.026672 1.369960 -0.975627 -0.216162 -0.037769 -446.796000 -0.042635 0.017892 0.998930 -7.303480
-0.229376 0.972919 -0.028555 1.117030 -0.972457 -0.230318 -0.035791 -447.886000 -0.041398 0.019559 0.998951 -7.328820
-0.244672 0.969177 -0.028851 0.848435 -0.968737 -0.245604 -0.035042 -448.948000 -0.041047 0.019375 0.998969 -7.351130
-0.268068 0.963056 -0.025743 0.597679 -0.962308 -0.268940 -0.040420 -449.990000 -0.045850 0.013938 0.998851 -7.378980
-0.307101 0.951379 -0.023801 0.313920 -0.950776 -0.307802 -0.035806 -450.894000 -0.041391 0.011634 0.999075 -7.416090
-0.355995 0.934213 -0.022643 -0.024100 -0.934115 -0.356433 -0.019627 -451.686000 -0.026407 0.014164 0.999551 -7.430980
-0.420598 0.907125 -0.014859 -0.329458 -0.907151 -0.420736 -0.007636 -452.414000 -0.013178 0.010267 0.999860 -7.441370
-0.497314 0.867343 -0.019856 -0.716268 -0.867455 -0.497492 -0.004964 -452.993000 -0.014184 0.014756 0.999791 -7.460200
-0.580678 0.813228 -0.038387 -1.109910 -0.813679 -0.581283 -0.006016 -453.460000 -0.027206 0.027741 0.999245 -7.452360
-0.662463 0.748499 -0.029854 -1.457090 -0.748405 -0.663037 -0.016490 -453.840000 -0.032137 0.011419 0.999418 -7.442510
-0.743058 0.668379 -0.033677 -1.842170 -0.668513 -0.743649 -0.008762 -454.103000 -0.030900 0.016003 0.999394 -7.472660
-0.812687 0.581314 -0.040175 -2.252330 -0.581962 -0.813195 0.005742 -454.312000 -0.029332 0.028047 0.999176 -7.476840
-0.870997 0.488412 -0.053085 -2.706220 -0.489162 -0.872192 0.001308 -454.492000 -0.045662 0.027106 0.998589 -7.475950
-0.919064 0.390879 -0.050345 -3.116710 -0.391188 -0.920302 -0.003986 -454.639000 -0.047891 0.016031 0.998724 -7.496520
-0.956194 0.288612 -0.048945 -3.549570 -0.288956 -0.957342 -0.000058 -454.727000 -0.046873 0.014088 0.998801 -7.537850
-0.981612 0.182134 -0.057133 -4.031390 -0.182429 -0.983219 -0.000068 -454.753000 -0.056187 0.010356 0.998367 -7.532060
-0.995456 0.073667 -0.060333 -4.497960 -0.073617 -0.997282 -0.003065 -454.751000 -0.060395 0.001390 0.998174 -7.562740
-0.997451 -0.039906 -0.059157 -4.972370 0.040046 -0.999197 -0.001193 -454.677000 -0.059062 -0.003559 0.998248 -7.574720
-0.985642 -0.157288 -0.061410 -5.472470 0.157987 -0.987419 -0.006670 -454.598000 -0.059588 -0.016276 0.998090 -7.597370
-0.961081 -0.269577 -0.060433 -6.049100 0.270289 -0.962772 -0.003777 -454.379000 -0.057165 -0.019964 0.998165 -7.640080
-0.923856 -0.378391 -0.057535 -6.655300 0.379046 -0.925378 -0.000505 -454.073000 -0.053051 -0.022275 0.998343 -7.668870
-0.877117 -0.476485 -0.060234 -7.325080 0.477521 -0.878614 -0.003252 -453.693000 -0.051373 -0.031615 0.998179 -7.708940
-0.825185 -0.561700 -0.059697 -8.072590 0.562821 -0.826575 -0.002411 -453.163000 -0.047990 -0.035589 0.998214 -7.758870
-0.780630 -0.622520 -0.055549 -8.878900 0.623468 -0.781848 0.000326 -452.533000 -0.043634 -0.034378 0.998456 -7.808000
-0.750433 -0.658611 -0.055518 -9.745710 0.659580 -0.751634 0.001158 -451.802000 -0.042492 -0.035750 0.998457 -7.863380
-0.734941 -0.675799 -0.056197 -10.676200 0.676853 -0.736119 0.000377 -450.956000 -0.041623 -0.037760 0.998420 -7.915180
-0.725293 -0.686030 -0.057558 -11.676500 0.687235 -0.726434 -0.001583 -450.036000 -0.040726 -0.040704 0.998341 -7.976990
-0.717733 -0.693813 -0.059017 -12.728400 0.695118 -0.718892 -0.002255 -449.008000 -0.040862 -0.042642 0.998254 -8.037530
-0.708258 -0.703428 -0.059667 -13.853300 0.704798 -0.709403 -0.002769 -447.922000 -0.040380 -0.044014 0.998215 -8.102180
-0.698066 -0.713416 -0.061170 -15.035800 0.714819 -0.699308 -0.001522 -446.729000 -0.041691 -0.044788 0.998126 -8.172270
-0.687496 -0.723338 -0.064278 -16.269100 0.724932 -0.688817 -0.002190 -445.456000 -0.042691 -0.048103 0.997930 -8.243800
-0.676256 -0.733857 -0.064282 -17.514700 0.735507 -0.677510 -0.003046 -444.134000 -0.041316 -0.049339 0.997927 -8.319460
-0.666691 -0.742627 -0.063472 -18.830200 0.744218 -0.667933 -0.002186 -442.691000 -0.040772 -0.048694 0.997981 -8.401750
-0.660399 -0.748339 -0.062143 -20.176600 0.749758 -0.661711 0.000722 -441.172000 -0.041661 -0.046116 0.998067 -8.477880
-0.655311 -0.753075 -0.058708 -21.536000 0.754234 -0.656597 0.003558 -439.619000 -0.041227 -0.041948 0.998269 -8.555780
-0.649723 -0.757679 -0.061493 -22.928700 0.758968 -0.651118 0.003569 -438.038000 -0.042743 -0.044352 0.998101 -8.624080
-0.641061 -0.764902 -0.062966 -24.314300 0.766118 -0.642661 0.007066 -436.410000 -0.045871 -0.043710 0.997991 -8.712830
-0.630231 -0.773828 -0.063238 -25.694300 0.775011 -0.631891 0.008533 -434.769000 -0.046563 -0.043632 0.997962 -8.794220
-0.617143 -0.784021 -0.066676 -27.055500 0.785355 -0.618977 0.009220 -433.063000 -0.048500 -0.046674 0.997732 -8.871080
-0.603372 -0.794861 -0.064328 -28.388800 0.795888 -0.605283 0.013978 -431.344000 -0.050047 -0.042764 0.997831 -8.956690
-0.591147 -0.803925 -0.065194 -29.698100 0.804726 -0.593324 0.019588 -429.586000 -0.054429 -0.040884 0.997680 -9.040420
-0.577842 -0.813828 -0.061512 -30.977800 0.814129 -0.580072 0.026676 -427.808000 -0.057391 -0.034665 0.997750 -9.127000
-0.564944 -0.823094 -0.057911 -32.219500 0.823103 -0.567083 0.030304 -426.005000 -0.057783 -0.030547 0.997862 -9.245330
-0.554427 -0.830602 -0.052059 -33.450400 0.830488 -0.556229 0.029974 -424.185000 -0.053853 -0.026616 0.998194 -9.348270
-0.547716 -0.835177 -0.049872 -34.662600 0.835160 -0.549332 0.027250 -422.357000 -0.050155 -0.026726 0.998384 -9.414310
-0.540257 -0.839967 -0.050763 -35.885500 0.839867 -0.541983 0.029622 -420.469000 -0.052395 -0.026631 0.998271 -9.510020
-0.534730 -0.843815 -0.045154 -37.105900 0.843545 -0.536192 0.030508 -418.568000 -0.049955 -0.021776 0.998514 -9.606530
-0.532628 -0.845148 -0.045086 -38.323800 0.844883 -0.534085 0.030437 -416.647000 -0.049803 -0.021881 0.998519 -9.686700
-0.532381 -0.845404 -0.043160 -39.563800 0.844819 -0.533846 0.035905 -414.707000 -0.053395 -0.017348 0.998423 -9.788210
-0.532201 -0.845856 -0.035895 -40.780000 0.844814 -0.533356 0.042668 -412.746000 -0.055236 -0.007617 0.998444 -9.891770
-0.533079 -0.845355 -0.034671 -42.027500 0.844253 -0.534171 0.043576 -410.792000 -0.055358 -0.006042 0.998448 -9.986040
-0.534757 -0.844079 -0.039563 -43.304700 0.843032 -0.536121 0.043249 -408.817000 -0.057716 -0.010225 0.998281 -10.082800
-0.535949 -0.843159 -0.042917 -44.590100 0.842272 -0.537480 0.041147 -406.829000 -0.057760 -0.014096 0.998231 -10.196300
-0.532767 -0.844654 -0.052146 -45.903100 0.844198 -0.534758 0.036918 -404.833000 -0.059068 -0.024353 0.997957 -10.297300
