-0.174109 -0.983910 -0.040096 -0.425272 0.982544 -0.176288 0.059416 2.299360 -0.065529 -0.029051 0.997428 -0.112624
-0.178357 -0.983304 -0.036090 -0.592675 0.981726 -0.180304 0.060856 3.292540 -0.066347 -0.024576 0.997494 -0.162664
-0.187483 -0.981826 -0.029457 -0.831705 0.980243 -0.188937 0.058540 4.450760 -0.063042 -0.017899 0.997850 -0.227487
-0.202652 -0.978575 -0.036384 -1.135260 0.977162 -0.204506 0.057715 5.845310 -0.063919 -0.023857 0.997670 -0.301603
-0.208172 -0.977780 -0.024732 -1.448290 0.976233 -0.209268 0.056351 7.390240 -0.060274 -0.012414 0.998105 -0.375755
-0.207066 -0.977841 -0.030832 -1.866120 0.976648 -0.208454 0.052016 9.149960 -0.057291 -0.019341 0.998170 -0.469644
-0.207573 -0.977934 -0.023617 -2.054980 0.976293 -0.208618 0.057712 10.139900 -0.061366 -0.011078 0.998054 -0.511232
-0.206234 -0.978111 -0.027680 -2.281760 0.976533 -0.207530 0.057576 11.127500 -0.062060 -0.015156 0.997957 -0.549057
-0.205296 -0.978283 -0.028563 -2.520860 0.976547 -0.206692 0.060290 12.196900 -0.064884 -0.015515 0.997772 -0.616096
-0.204927 -0.978256 -0.031941 -2.753880 0.976349 -0.206607 0.063690 13.311200 -0.068904 -0.018134 0.997458 -0.662799
-0.205750 -0.978075 -0.032200 -3.016530 0.976319 -0.207406 0.061522 14.457700 -0.066851 -0.018779 0.997586 -0.734306
-0.208183 -0.977580 -0.031561 -3.269990 0.975994 -0.209740 0.058692 15.650700 -0.063996 -0.018584 0.997777 -0.796905
-0.210376 -0.976827 -0.039370 -3.563140 0.975404 -0.212439 0.058793 16.898200 -0.065794 -0.026033 0.997494 -0.864684
-0.212599 -0.976416 -0.037606 -3.856270 0.974978 -0.214530 0.058262 18.200800 -0.064955 -0.024279 0.997593 -0.940618
-0.215165 -0.976259 -0.024958 -4.138800 0.975152 -0.216161 0.048507 19.532700 -0.052750 -0.013901 0.998511 -1.004060
-0.218253 -0.975520 -0.026945 -4.464140 0.974425 -0.219355 0.048778 20.921500 -0.053495 -0.015610 0.998446 -1.076190
-0.221579 -0.974955 -0.019109 -4.782340 0.973006 -0.222347 0.061808 22.372000 -0.064509 -0.004898 0.997905 -1.149840
-0.225005 -0.974050 -0.024496 -5.128250 0.972257 -0.226099 0.059962 23.842700 -0.063945 -0.010325 0.997900 -1.196440
-0.228319 -0.973089 -0.031109 -5.509520 0.971170 -0.229886 0.063099 25.343600 -0.068552 -0.015805 0.997522 -1.293040
-0.232096 -0.972213 -0.030559 -5.882450 0.970279 -0.233618 0.063091 26.885500 -0.068477 -0.015007 0.997540 -1.381230
-0.235894 -0.971456 -0.025039 -6.265240 0.969741 -0.236989 0.058637 28.469900 -0.062897 -0.010449 0.997965 -1.471470
-0.239858 -0.970597 -0.020255 -6.656670 0.968855 -0.240646 0.058387 30.091300 -0.061545 -0.005620 0.998089 -1.546310
-0.243803 -0.969670 -0.017308 -7.079650 0.967726 -0.244410 0.061400 31.730400 -0.063768 -0.001780 0.997963 -1.635000
-0.247004 -0.968848 -0.017965 -7.507090 0.966906 -0.247646 0.061349 33.382900 -0.063887 -0.002216 0.997955 -1.706600
-0.247700 -0.968703 -0.016073 -7.957950 0.967283 -0.248208 0.052500 35.076200 -0.054847 -0.002543 0.998492 -1.780180
-0.246279 -0.969034 -0.017884 -8.404020 0.967910 -0.246861 0.047009 36.775400 -0.049967 -0.005732 0.998734 -1.854850
-0.242877 -0.969865 -0.019326 -8.843060 0.968596 -0.243556 0.050024 38.483600 -0.053223 -0.006570 0.998561 -1.919390
-0.238820 -0.970698 -0.026640 -9.274150 0.969277 -0.239954 0.054083 40.144100 -0.058890 -0.012905 0.998181 -1.976230
-0.235181 -0.971574 -0.027079 -9.664410 0.970311 -0.236311 0.051508 41.750900 -0.056443 -0.014162 0.998305 -2.028320
-0.230770 -0.972487 -0.031857 -10.068000 0.971699 -0.232034 0.044292 43.271600 -0.050465 -0.020734 0.998511 -2.086370
-0.229173 -0.972762 -0.034841 -10.427800 0.971701 -0.230734 0.050578 44.731300 -0.057239 -0.022264 0.998112 -2.141860
-0.232805 -0.972043 -0.030574 -10.768000 0.971001 -0.234084 0.048601 46.121600 -0.054399 -0.018373 0.998350 -2.185820
-0.239498 -0.970295 -0.034177 -11.115100 0.969764 -0.240771 0.039848 47.418700 -0.046893 -0.023600 0.998621 -2.227460
-0.252475 -0.967090 -0.031520 -11.450000 0.966558 -0.253582 0.038241 48.650900 -0.044976 -0.020811 0.998771 -2.273810
-0.274346 -0.961223 -0.028014 -11.779900 0.960945 -0.275134 0.029749 49.788700 -0.036303 -0.018759 0.999165 -2.285240
-0.308624 -0.950836 -0.025722 -12.139700 0.950689 -0.309223 0.023920 50.818500 -0.030698 -0.017071 0.999383 -2.319780
-0.358168 -0.933343 -0.024235 -12.522000 0.933002 -0.358768 0.028160 51.798200 -0.034978 -0.012526 0.999310 -2.327670
-0.494358 -0.868845 -0.026811 -13.462100 0.868640 -0.494934 0.022453 53.469200 -0.032778 -0.012190 0.999388 -2.353130
-0.650785 -0.758309 -0.038040 -14.708800 0.758288 -0.651671 0.018008 54.986100 -0.038445 -0.017126 0.999114 -2.397110
-0.795969 -0.604090 -0.038844 -16.242100 0.604066 -0.796817 0.013674 56.191100 -0.039212 -0.012580 0.999152 -2.447820
-0.908050 -0.417803 -0.029755 -18.008600 0.417988 -0.908452 0.000000 57.057300 -0.027031 -0.012437 0.999557 -2.493130
-0.976572 -0.212557 -0.033556 -19.905400 0.212682 -0.977121 -0.000165 57.542500 -0.032753 -0.007298 0.999437 -2.534250
-0.993406 -0.108255 -0.037759 -20.926600 0.108269 -0.994120 0.001669 57.631500 -0.037718 -0.002430 0.999285 -2.546370
-0.996050 0.085380 -0.024379 -22.906400 -0.085310 -0.996347 -0.003895 57.516500 -0.024623 -0.001800 0.999695 -2.576490
-0.984817 0.171831 -0.024680 -23.897300 -0.171603 -0.985104 -0.011081 57.313900 -0.026217 -0.006678 0.999634 -2.596430
-0.967691 0.249832 -0.034033 -24.901000 -0.249164 -0.968195 -0.022695 57.036900 -0.038621 -0.013482 0.999163 -2.609880
-0.947844 0.316486 -0.037800 -25.849200 -0.315431 -0.948430 -0.031361 56.682600 -0.045776 -0.017802 0.998793 -2.640970
-0.927279 0.372752 -0.034778 -26.782900 -0.371681 -0.927752 -0.033607 56.293800 -0.044792 -0.018236 0.998830 -2.664750
-0.908464 0.417108 -0.026730 -27.694100 -0.416071 -0.908578 -0.037024 55.842800 -0.039729 -0.022513 0.998957 -2.708550
-0.891949 0.451582 -0.022377 -28.603400 -0.450576 -0.891890 -0.038906 55.365200 -0.037527 -0.024620 0.998992 -2.738120
-0.878031 0.478062 -0.022766 -29.508300 -0.477012 -0.877996 -0.039768 54.860300 -0.039000 -0.024058 0.998950 -2.769210
-0.866057 0.499537 -0.020220 -30.399200 -0.498560 -0.865958 -0.039430 54.333100 -0.037207 -0.024068 0.999018 -2.792290
-0.858396 0.512784 -0.014442 -31.281100 -0.511876 -0.858050 -0.041636 53.783800 -0.033742 -0.028347 0.999028 -2.812690
-0.854160 0.519898 -0.010809 -32.175400 -0.518994 -0.853605 -0.044765 53.219300 -0.032500 -0.032627 0.998939 -2.842830
-0.852114 0.523163 -0.014230 -33.086900 -0.522068 -0.851609 -0.046981 52.658600 -0.036697 -0.032604 0.998794 -2.869310
-0.851005 0.525004 -0.012730 -33.988400 -0.523802 -0.850299 -0.051219 52.080300 -0.037714 -0.036920 0.998606 -2.888020
-0.850660 0.525715 -0.000241 -34.872400 -0.525026 -0.849568 -0.050802 51.511800 -0.026912 -0.043089 0.998709 -2.904950
-0.850734 0.525544 0.007426 -35.794800 -0.525250 -0.849576 -0.048291 50.942300 -0.019070 -0.044983 0.998806 -2.930900
-0.851380 0.524391 0.012856 -36.711700 -0.524199 -0.849663 -0.057339 50.344800 -0.019145 -0.055557 0.998272 -2.939690
-0.851205 0.524734 0.010235 -37.642800 -0.524333 -0.849379 -0.060258 49.761600 -0.022926 -0.056658 0.998130 -2.953320
-0.851418 0.524436 0.007350 -38.574600 -0.523969 -0.849872 -0.056330 49.190900 -0.023295 -0.051811 0.998385 -2.953910
-0.851599 0.524135 0.007806 -39.516800 -0.523590 -0.849811 -0.060615 48.601800 -0.025136 -0.055707 0.998131 -2.969160
-0.851376 0.524551 0.002120 -40.462700 -0.523806 -0.849937 -0.056873 48.026200 -0.028031 -0.049531 0.998379 -2.995790
-0.851448 0.524437 0.001540 -41.405000 -0.523792 -0.850247 -0.052180 47.443900 -0.026055 -0.045235 0.998637 -2.997970
-0.851468 0.524319 0.009561 -42.345300 -0.523970 -0.849875 -0.056286 46.848300 -0.021386 -0.052935 0.998369 -3.014580
-0.851673 0.524060 0.003645 -43.314300 -0.523389 -0.850186 -0.056987 46.250400 -0.026766 -0.050442 0.998368 -3.040230
-0.852621 0.522529 0.000546 -44.283600 -0.521572 -0.850996 -0.061386 45.636600 -0.031612 -0.052624 0.998114 -3.041590
-0.852970 0.521888 0.008655 -45.239500 -0.521424 -0.851227 -0.059411 45.031000 -0.023638 -0.055189 0.998196 -3.067690
-0.852778 0.522035 0.015770 -46.217000 -0.522131 -0.851453 -0.049054 44.437300 -0.012181 -0.050066 0.998672 -3.087030
-0.853301 0.521006 0.020758 -47.193700 -0.521352 -0.851873 -0.050042 43.821300 -0.008388 -0.053523 0.998531 -3.089050
-0.853608 0.520531 0.020037 -48.186400 -0.520849 -0.852246 -0.048913 43.209100 -0.008384 -0.052189 0.998602 -3.086350
-0.853914 0.520044 0.019629 -49.187800 -0.520350 -0.852609 -0.047893 42.592400 -0.008170 -0.051111 0.998660 -3.085180
-0.854008 0.519966 0.017504 -50.203000 -0.520172 -0.852762 -0.047088 41.970900 -0.009558 -0.049319 0.998737 -3.080520
-0.854223 0.519586 0.018261 -51.219700 -0.519854 -0.853112 -0.044182 41.347400 -0.007378 -0.047234 0.998857 -3.072310
-0.854306 0.519392 0.019831 -52.251800 -0.519752 -0.853326 -0.041156 40.716600 -0.004454 -0.045467 0.998956 -3.071710
-0.854288 0.519440 0.019341 -53.292400 -0.519788 -0.853415 -0.038782 40.081500 -0.003639 -0.043185 0.999060 -3.062940
-0.854394 0.519353 0.016799 -54.341500 -0.519602 -0.853604 -0.037062 39.441000 -0.004909 -0.040395 0.999172 -3.053580
-0.854472 0.519310 0.013944 -55.412300 -0.519427 -0.853608 -0.039360 38.785600 -0.008538 -0.040875 0.999128 -3.049450
-0.854604 0.519179 0.010257 -56.495900 -0.519172 -0.853856 -0.037283 38.121700 -0.010598 -0.037187 0.999252 -3.048780
-0.854194 0.519870 0.009399 -57.583900 -0.519893 -0.853674 -0.030855 37.466900 -0.008017 -0.031243 0.999480 -3.044050
-0.853005 0.521856 0.006984 -58.681600 -0.521835 -0.852604 -0.027475 36.799100 -0.008384 -0.027081 0.999598 -3.043300
-0.850786 0.525508 0.001991 -59.799800 -0.525366 -0.850456 -0.026751 36.109400 -0.012365 -0.023806 0.999640 -3.042500
-0.847333 0.531061 -0.001217 -60.916200 -0.530900 -0.847128 -0.022811 35.408600 -0.013145 -0.018683 0.999739 -3.044880
-0.839622 0.543170 -0.001454 -62.039100 -0.543064 -0.839505 -0.017696 34.696000 -0.010832 -0.014068 0.999842 -3.042720
-0.827569 0.561364 0.000732 -63.148600 -0.561297 -0.827448 -0.016594 33.936200 -0.008710 -0.014143 0.999862 -3.043120
-0.811078 0.584935 0.001952 -64.249900 -0.584897 -0.810976 -0.014612 33.160000 -0.006964 -0.012993 0.999891 -3.040110
-0.789928 0.613191 0.003276 -65.321500 -0.613169 -0.789822 -0.014311 32.329000 -0.006188 -0.013314 0.999892 -3.030380
-0.766036 0.642784 0.004150 -66.360300 -0.642760 -0.765906 -0.015711 31.451600 -0.006920 -0.014703 0.999868 -3.025810
-0.741604 0.670820 0.004811 -67.367200 -0.670783 -0.741433 -0.018119 30.531300 -0.008587 -0.016664 0.999824 -3.023290
-0.715812 0.698281 0.004242 -68.340400 -0.698217 -0.715631 -0.019091 29.573800 -0.010295 -0.016627 0.999809 -3.019820
-0.692230 0.721643 0.006940 -69.283400 -0.721618 -0.692019 -0.019409 28.583100 -0.009204 -0.018444 0.999788 -3.013350
-0.674358 0.738288 0.013117 -70.191700 -0.738367 -0.674038 -0.022068 27.557000 -0.007452 -0.024567 0.999670 -3.011170
-0.662899 0.748451 0.019656 -71.094300 -0.748654 -0.662307 -0.029430 26.499000 -0.009009 -0.034225 0.999374 -3.011790
-0.656059 0.754422 0.020838 -72.013700 -0.754629 -0.655332 -0.032792 25.423100 -0.011083 -0.037238 0.999245 -3.009080
-0.651595 0.758172 0.024499 -72.917300 -0.758498 -0.650759 -0.034534 24.351000 -0.010240 -0.041085 0.999103 -3.011600
-0.648166 0.760936 0.029268 -73.837300 -0.761408 -0.647016 -0.040350 23.241600 -0.011767 -0.048438 0.998757 -3.022230
-0.646455 0.762362 0.030013 -74.748500 -0.762847 -0.645211 -0.042037 22.143600 -0.012683 -0.050070 0.998665 -3.017190
-0.646150 0.762399 0.035188 -75.681200 -0.763092 -0.644551 -0.047376 21.031200 -0.013439 -0.057464 0.998257 -3.024920
-0.651032 0.758125 0.037473 -76.610700 -0.758810 -0.648790 -0.057260 19.872700 -0.019098 -0.065713 0.997656 -3.039840
-0.661081 0.749235 0.040226 -77.534600 -0.749992 -0.658275 -0.064700 18.761000 -0.021996 -0.072941 0.997094 -3.048240
-0.673267 0.738398 0.038475 -78.505500 -0.739039 -0.670402 -0.066201 17.673400 -0.023089 -0.073006 0.997064 -3.063940
-0.687466 0.724813 0.045134 -79.477000 -0.725941 -0.684164 -0.070208 16.583400 -0.020008 -0.081030 0.996511 -3.076270
-0.700766 0.711953 0.045284 -80.468400 -0.713045 -0.697033 -0.075576 15.536200 -0.022242 -0.085251 0.996111 -3.091950
-0.713885 0.699287 0.036955 -81.490500 -0.699668 -0.710109 -0.078795 14.527500 -0.028858 -0.082107 0.996206 -3.112950
-0.724766 0.688084 0.035414 -82.509700 -0.688480 -0.721282 -0.075806 13.541000 -0.026617 -0.079323 0.996494 -3.128090
-0.731915 0.680596 0.033005 -83.544600 -0.681027 -0.729067 -0.068288 12.584500 -0.022414 -0.072458 0.997120 -3.148250
-0.735945 0.676387 0.029764 -84.568800 -0.676636 -0.733273 -0.066891 11.640500 -0.023419 -0.069367 0.997316 -3.156130
-0.736008 0.676434 0.027012 -85.577500 -0.676495 -0.733402 -0.066901 10.708600 -0.025443 -0.067513 0.997394 -3.173170
-0.732936 0.679897 0.023353 -86.583500 -0.679836 -0.730743 -0.061949 9.784690 -0.025053 -0.061281 0.997806 -3.185360
-0.727715 0.685486 0.023233 -87.567600 -0.685500 -0.725768 -0.057892 8.852540 -0.022823 -0.058055 0.998052 -3.199190
-0.720285 0.693326 0.022114 -88.539600 -0.693347 -0.718588 -0.053860 7.912510 -0.021451 -0.054127 0.998304 -3.218870
-0.711066 0.702759 0.022678 -89.496000 -0.702871 -0.709571 -0.049823 6.967160 -0.018922 -0.051367 0.998501 -3.222380
-0.702118 0.711593 0.025810 -90.458000 -0.711897 -0.700716 -0.046909 5.983070 -0.015295 -0.051310 0.998566 -3.232320
-0.693774 0.719627 0.028536 -91.416900 -0.720066 -0.692364 -0.046225 4.971360 -0.013508 -0.052618 0.998523 -3.243680
-0.685577 0.727067 0.036843 -92.347400 -0.727951 -0.684065 -0.046279 3.948830 -0.008445 -0.058548 0.998249 -3.240470
-0.678209 0.734221 0.030848 -93.316100 -0.734759 -0.676785 -0.045729 2.906660 -0.012697 -0.053680 0.998477 -3.259180
-0.671443 0.740465 0.029590 -94.272200 -0.740836 -0.669733 -0.051194 1.821290 -0.018090 -0.056295 0.998250 -3.252690
-0.661342 0.749508 0.029412 -95.235900 -0.749960 -0.660011 -0.044102 0.735244 -0.013642 -0.051224 0.998594 -3.274360
-0.648769 0.760502 0.027107 -96.205500 -0.760760 -0.647300 -0.047394 -0.402442 -0.018497 -0.051369 0.998508 -3.286330
-0.636052 0.771146 0.027787 -97.155100 -0.771354 -0.634406 -0.050418 -1.589210 -0.021252 -0.053502 0.998342 -3.299450
-0.623626 0.781201 0.028560 -98.103700 -0.781388 -0.621874 -0.052022 -2.803380 -0.022879 -0.054758 0.998237 -3.321740
-0.612640 0.789837 0.028813 -99.076500 -0.789941 -0.610715 -0.054959 -4.048110 -0.025812 -0.056431 0.998073 -3.348610
-0.602696 0.797340 0.031723 -100.021000 -0.797593 -0.600712 -0.054677 -5.328900 -0.024540 -0.058256 0.998000 -3.374230
-0.595482 0.802563 0.035970 -100.989000 -0.803019 -0.593304 -0.056132 -6.649940 -0.023708 -0.062310 0.997775 -3.404960
-0.591217 0.805725 0.035634 -101.938000 -0.806046 -0.588795 -0.060085 -7.975870 -0.027431 -0.064246 0.997557 -3.432390
-0.588575 0.807703 0.034565 -102.894000 -0.807926 -0.586134 -0.060854 -9.309880 -0.028892 -0.063743 0.997548 -3.454700
-0.587824 0.808201 0.035707 -103.849000 -0.808464 -0.585279 -0.061919 -10.645200 -0.029145 -0.065265 0.997442 -3.479960
-0.589312 0.807133 0.035332 -104.799000 -0.807391 -0.586811 -0.061423 -11.974900 -0.028843 -0.064725 0.997486 -3.511670
-0.592428 0.804878 0.034632 -105.752000 -0.805098 -0.589942 -0.061532 -13.303200 -0.029095 -0.064335 0.997504 -3.537230
-0.596081 0.802350 0.030371 -106.707000 -0.802331 -0.593761 -0.060926 -14.605100 -0.030850 -0.060685 0.997680 -3.564980
-0.599949 0.799578 0.027127 -107.650000 -0.799455 -0.597873 -0.058468 -15.880900 -0.030531 -0.056765 0.997921 -3.590730
-0.605198 0.795340 0.034202 -108.586000 -0.795699 -0.603034 -0.056691 -17.138300 -0.024463 -0.061523 0.997806 -3.607130
-0.614200 0.788277 0.037125 -109.514000 -0.788804 -0.611857 -0.058475 -18.379300 -0.023379 -0.065199 0.997598 -3.624890
-0.628113 0.777194 0.038000 -110.446000 -0.777620 -0.625205 -0.066523 -19.586300 -0.027944 -0.071333 0.997061 -3.638520
-0.645238 0.763040 0.037923 -111.396000 -0.763467 -0.642185 -0.068678 -20.744000 -0.028051 -0.073266 0.996918 -3.657460
-0.665236 0.745681 0.037702 -112.353000 -0.746286 -0.662536 -0.064064 -21.863700 -0.022792 -0.070754 0.997233 -3.682040
-0.686039 0.726600 0.037462 -113.337000 -0.727337 -0.683624 -0.060328 -22.926500 -0.018225 -0.068635 0.997475 -3.688120
-0.710355 0.702997 0.034521 -114.340000 -0.703568 -0.707848 -0.062792 -23.943700 -0.019707 -0.068892 0.997429 -3.695870
-0.737766 0.674148 0.035020 -115.360000 -0.674867 -0.735338 -0.061904 -24.920000 -0.015980 -0.069304 0.997468 -3.698830
-0.767252 0.640513 0.032688 -116.402000 -0.641268 -0.765362 -0.054748 -25.782800 -0.010049 -0.062967 0.997965 -3.704650
-0.797521 0.602968 0.019750 -117.480000 -0.603013 -0.795729 -0.056485 -26.636800 -0.018343 -0.056958 0.998208 -3.691600
-0.827698 0.561008 0.013650 -118.552000 -0.560845 -0.826133 -0.054388 -27.380300 -0.019235 -0.052672 0.998427 -3.698960
-0.860983 0.508559 0.008698 -119.629000 -0.508299 -0.859672 -0.050961 -28.034600 -0.018439 -0.048298 0.998663 -3.698800
-0.894729 0.446591 -0.004071 -120.723000 -0.445803 -0.893624 -0.051912 -28.610900 -0.026822 -0.044632 0.998643 -3.700670
-0.927118 0.374651 -0.009448 -121.828000 -0.373742 -0.926148 -0.050671 -29.060300 -0.027734 -0.043447 0.998671 -3.713950
-0.954992 0.295933 -0.020353 -122.964000 -0.294816 -0.954489 -0.045112 -29.408800 -0.032777 -0.037081 0.998775 -3.741290
-0.976097 0.213663 -0.039775 -124.139000 -0.212025 -0.976375 -0.041688 -29.662800 -0.047743 -0.032258 0.998339 -3.752910
-0.989959 0.130237 -0.054949 -125.325000 -0.128430 -0.991092 -0.035238 -29.806900 -0.059049 -0.027827 0.997867 -3.794390
-0.997202 0.046110 -0.058837 -126.506000 -0.044348 -0.998538 -0.030909 -29.859700 -0.060176 -0.028213 0.997789 -3.829170
-0.997275 -0.036920 -0.063877 -127.707000 0.038806 -0.998839 -0.028538 -29.817700 -0.062749 -0.030939 0.997550 -3.901020
-0.990026 -0.117303 -0.078032 -128.924000 0.119460 -0.992560 -0.023553 -29.679400 -0.074689 -0.032640 0.996673 -3.946350
-0.975764 -0.197856 -0.093475 -130.157000 0.200998 -0.979262 -0.025393 -29.441000 -0.086512 -0.043566 0.995298 -4.020060
-0.954760 -0.278719 -0.103677 -131.386000 0.282797 -0.958809 -0.026678 -29.104600 -0.091971 -0.054791 0.994253 -4.112460
-0.927161 -0.357465 -0.112207 -132.627000 0.362311 -0.931707 -0.025561 -28.656800 -0.095407 -0.064353 0.993356 -4.209600
-0.895680 -0.428601 -0.118565 -133.879000 0.434190 -0.900478 -0.024875 -28.074000 -0.096104 -0.073760 0.992635 -4.318530
-0.861996 -0.492641 -0.119450 -135.128000 0.498368 -0.866687 -0.021983 -27.381800 -0.092696 -0.078479 0.992597 -4.430280
-0.828034 -0.547622 -0.120289 -136.371000 0.553434 -0.832679 -0.018861 -26.567300 -0.089834 -0.082190 0.992560 -4.548900
-0.797024 -0.591090 -0.123960 -137.642000 0.597037 -0.802090 -0.014084 -25.640600 -0.091102 -0.085234 0.992187 -4.670150
-0.772835 -0.621172 -0.129892 -138.893000 0.627307 -0.778728 -0.008322 -24.637900 -0.095982 -0.087914 0.991493 -4.799620
-0.756739 -0.640646 -0.130075 -140.179000 0.646832 -0.762599 -0.007122 -23.571300 -0.094632 -0.089526 0.991479 -4.929970
-0.750803 -0.648677 -0.124553 -141.453000 0.653954 -0.756532 -0.001970 -22.442000 -0.092950 -0.082931 0.992211 -5.069750
-0.751053 -0.648598 -0.123453 -142.787000 0.653254 -0.757130 0.003605 -21.293300 -0.095808 -0.077938 0.992344 -5.216500
-0.753856 -0.645751 -0.121273 -144.170000 0.650013 -0.759902 0.005700 -20.114000 -0.095836 -0.074532 0.992603 -5.364060
-0.761127 -0.638156 -0.115940 -145.595000 0.641734 -0.766883 0.008190 -18.907400 -0.094138 -0.068169 0.993223 -5.532660
-0.769468 -0.627974 -0.116485 -147.107000 0.631270 -0.775489 0.010689 -17.670400 -0.097045 -0.065309 0.993135 -5.684840
-0.777742 -0.617022 -0.120001 -148.718000 0.620725 -0.783986 0.008108 -16.408600 -0.099082 -0.068182 0.992741 -5.882420
-0.782482 -0.610745 -0.121294 -150.374000 0.614890 -0.788602 0.004082 -15.131400 -0.098146 -0.071388 0.992608 -6.071060
-0.782518 -0.609471 -0.127316 -152.092000 0.614112 -0.789211 0.003518 -13.814900 -0.102624 -0.075433 0.991856 -6.264070
-0.779650 -0.613209 -0.126968 -153.823000 0.617836 -0.786298 0.003699 -12.472300 -0.102102 -0.075562 0.991900 -6.459370
-0.775430 -0.618012 -0.129498 -155.608000 0.622936 -0.782266 0.003141 -11.069900 -0.103243 -0.078234 0.991575 -6.651720
-0.769462 -0.624808 -0.132452 -157.395000 0.629983 -0.776601 0.003614 -9.646530 -0.105121 -0.080661 0.991183 -6.857470
-0.761927 -0.633824 -0.133169 -159.202000 0.639359 -0.768907 0.001554 -8.168360 -0.103380 -0.083959 0.991092 -7.069180
-0.754497 -0.642564 -0.133587 -161.033000 0.648339 -0.761352 0.000358 -6.641440 -0.101936 -0.086339 0.991037 -7.277220
-0.747267 -0.650917 -0.133786 -162.864000 0.656829 -0.754040 -0.000071 -5.093670 -0.100833 -0.087928 0.991010 -7.482710
-0.741292 -0.656810 -0.138157 -164.717000 0.662957 -0.748655 0.002019 -3.485990 -0.104758 -0.090096 0.990408 -7.693780
-0.734049 -0.662830 -0.147743 -166.580000 0.669092 -0.743118 0.009578 -1.822400 -0.116139 -0.091823 0.988979 -7.931360
-0.731768 -0.665637 -0.146431 -168.462000 0.671620 -0.740811 0.011205 -0.139773 -0.115936 -0.090147 0.989157 -8.204450
-0.734023 -0.665601 -0.134857 -170.319000 0.671290 -0.741182 0.004365 1.536020 -0.102859 -0.087325 0.990855 -8.439490
-0.734569 -0.666235 -0.128605 -172.250000 0.670851 -0.741529 0.009696 3.292090 -0.101825 -0.079152 0.991648 -8.678160
-0.734861 -0.666146 -0.127389 -174.223000 0.669797 -0.742326 0.017976 5.071440 -0.106539 -0.072115 0.991690 -8.916630
-0.735094 -0.665529 -0.129261 -176.236000 0.668489 -0.743289 0.025362 6.896010 -0.112957 -0.067767 0.991286 -9.180780
-0.736870 -0.664844 -0.122497 -178.267000 0.666673 -0.744687 0.031430 8.717770 -0.112117 -0.058506 0.991971 -9.455380
-0.738340 -0.663813 -0.119192 -180.285000 0.664158 -0.746377 0.042621 10.528300 -0.117254 -0.047693 0.991956 -9.719520
-0.739357 -0.662755 -0.118774 -182.263000 0.662023 -0.747728 0.051263 12.296100 -0.122785 -0.040729 0.991597 -9.977740
-0.739745 -0.662523 -0.117649 -184.189000 0.661420 -0.748079 0.053864 14.019000 -0.123697 -0.037970 0.991593 -10.239000
-0.741087 -0.661316 -0.115981 -186.045000 0.659819 -0.749304 0.056421 15.650300 -0.124217 -0.034713 0.991648 -10.492400
-0.742178 -0.659897 -0.117079 -187.831000 0.658209 -0.750589 0.058109 17.230400 -0.126224 -0.033935 0.991421 -10.729800
-0.743909 -0.658268 -0.115251 -189.518000 0.656589 -0.752061 0.057397 18.692500 -0.124458 -0.032974 0.991677 -10.949000
-0.745590 -0.656463 -0.114681 -191.078000 0.655690 -0.753393 0.049697 20.039400 -0.119024 -0.038142 0.992159 -11.137900
-0.747318 -0.655050 -0.111466 -192.533000 0.654980 -0.754455 0.042411 21.298000 -0.111877 -0.041313 0.992863 -11.305000
-0.748693 -0.653464 -0.111547 -193.832000 0.653943 -0.755620 0.037366 22.400300 -0.108705 -0.044970 0.993056 -11.447700
-0.749885 -0.652324 -0.110205 -194.998000 0.653232 -0.756452 0.032693 23.408600 -0.104691 -0.047473 0.993371 -11.574800
-0.752487 -0.649488 -0.109222 -196.028000 0.650075 -0.759061 0.035044 24.290500 -0.105667 -0.044632 0.993399 -11.686000
-0.760171 -0.641152 -0.105186 -196.919000 0.641871 -0.766170 0.031379 25.033600 -0.100709 -0.043662 0.993957 -11.760300
-0.772640 -0.627636 -0.095394 -197.702000 0.628827 -0.777267 0.020792 25.660400 -0.087197 -0.043922 0.995222 -11.825200
-0.798094 -0.596896 -0.082225 -198.958000 0.598742 -0.800937 0.002713 26.578800 -0.067476 -0.047066 0.996610 -11.921900
-0.832677 -0.548599 -0.075421 -199.980000 0.550718 -0.834641 -0.009113 27.232900 -0.057950 -0.049124 0.997110 -11.974400
-0.879264 -0.471060 -0.070690 -201.065000 0.473249 -0.880760 -0.017258 27.792300 -0.054132 -0.048628 0.997349 -12.032400
-0.932691 -0.353114 -0.073470 -202.298000 0.355791 -0.934180 -0.026825 28.226800 -0.059162 -0.051159 0.996937 -12.083000
-0.977704 -0.201197 -0.060124 -203.567000 0.203446 -0.978498 -0.033927 28.464200 -0.052006 -0.045402 0.997614 -12.154400
-0.998801 -0.033073 -0.036083 -204.964000 0.034676 -0.998397 -0.044741 28.501900 -0.034545 -0.045939 0.998347 -12.216900
-0.988376 0.148884 -0.030752 -206.476000 -0.147361 -0.987967 -0.046978 28.288400 -0.037377 -0.041901 0.998422 -12.279200
-0.949098 0.312929 -0.035896 -208.077000 -0.311434 -0.949351 -0.041741 27.800700 -0.047140 -0.028437 0.998483 -12.327000
-0.899558 0.435434 -0.034538 -209.729000 -0.433840 -0.899854 -0.045236 26.988100 -0.050777 -0.025709 0.998379 -12.419400
-0.877121 0.479005 -0.034823 -210.635000 -0.477558 -0.877567 -0.042594 26.495700 -0.050962 -0.020730 0.998485 -12.462100
-0.854886 0.517656 -0.034667 -211.577000 -0.516271 -0.855402 -0.041849 25.911200 -0.051318 -0.017878 0.998522 -12.510400
-0.830186 0.556520 -0.032818 -212.562000 -0.555258 -0.830691 -0.040507 25.261000 -0.049804 -0.015406 0.998640 -12.571400
-0.805015 0.592226 -0.034914 -213.566000 -0.590986 -0.805688 -0.040019 24.519000 -0.051831 -0.011582 0.998589 -12.626900
-0.779914 0.624905 -0.035041 -214.596000 -0.623616 -0.780631 -0.041454 23.697000 -0.053259 -0.010478 0.998526 -12.688100
-0.756172 0.653414 -0.035396 -215.631000 -0.652068 -0.756942 -0.042962 22.795900 -0.054865 -0.009406 0.998449 -12.751700
-0.734843 0.677301 -0.035621 -216.674000 -0.675844 -0.735648 -0.045354 21.820200 -0.056923 -0.009254 0.998336 -12.818300
-0.718205 0.694924 -0.035526 -217.703000 -0.693343 -0.719017 -0.047841 20.811700 -0.058790 -0.009728 0.998223 -12.892100
-0.708454 0.704992 -0.032858 -218.723000 -0.703280 -0.709099 -0.050751 19.744100 -0.059079 -0.012846 0.998171 -12.962900
-0.703856 0.709633 -0.031753 -219.792000 -0.707951 -0.704450 -0.050552 18.669200 -0.058242 -0.013102 0.998217 -13.039700
-0.700938 0.712538 -0.031239 -220.879000 -0.710741 -0.701479 -0.052667 17.548800 -0.059441 -0.014713 0.998123 -13.116300
-0.698466 0.715037 -0.029452 -221.984000 -0.713347 -0.698929 -0.051332 16.406000 -0.057289 -0.014844 0.998247 -13.191200
-0.696018 0.717433 -0.029131 -223.105000 -0.715775 -0.696476 -0.050875 15.250000 -0.056788 -0.014558 0.998280 -13.264600
-0.693037 0.720182 -0.032218 -224.237000 -0.718351 -0.693651 -0.053103 14.060500 -0.060592 -0.013659 0.998069 -13.348500
-0.690040 0.723077 -0.031697 -225.372000 -0.721217 -0.690621 -0.053754 12.859900 -0.060759 -0.014232 0.998051 -13.429700
-0.689365 0.723759 -0.030807 -226.529000 -0.721963 -0.689906 -0.052898 11.644200 -0.059540 -0.014225 0.998125 -13.512500
-0.692133 0.721122 -0.030594 -227.686000 -0.719298 -0.692647 -0.053392 10.410900 -0.059693 -0.014948 0.998105 -13.599300
-0.697649 0.715734 -0.031784 -228.897000 -0.713983 -0.698243 -0.051818 9.169740 -0.059280 -0.013458 0.998151 -13.683500
-0.702687 0.710673 -0.034272 -230.126000 -0.708961 -0.703433 -0.050568 7.924000 -0.060045 -0.011235 0.998132 -13.769500
-0.706216 0.707200 -0.033580 -231.382000 -0.705564 -0.706925 -0.049361 6.662110 -0.058647 -0.011167 0.998216 -13.854300
-0.708741 0.704638 -0.034222 -232.641000 -0.702943 -0.709474 -0.050181 5.392760 -0.059639 -0.011509 0.998154 -13.942500
-0.710820 0.702599 -0.033003 -233.909000 -0.700848 -0.711460 -0.051350 4.128490 -0.059559 -0.013370 0.998135 -14.023200
-0.711901 0.701562 -0.031748 -235.178000 -0.699852 -0.712470 -0.050921 2.855240 -0.058343 -0.014032 0.998198 -14.116300
-0.711593 0.701762 -0.034157 -236.462000 -0.699891 -0.712278 -0.053039 1.579490 -0.061550 -0.013836 0.998008 -14.191200
-0.709596 0.703661 -0.036537 -237.729000 -0.701753 -0.710433 -0.053174 0.317087 -0.063374 -0.012092 0.997917 -14.274000
-0.707761 0.705488 -0.036898 -238.986000 -0.703618 -0.708633 -0.052545 -0.923108 -0.063217 -0.011227 0.997937 -14.354300
-0.705836 0.707431 -0.036548 -240.232000 -0.705550 -0.706688 -0.052822 -2.181920 -0.063196 -0.011498 0.997935 -14.448500
-0.703596 0.709709 -0.035580 -241.462000 -0.707829 -0.704391 -0.053026 -3.419580 -0.062696 -0.012125 0.997959 -14.532000
-0.700500 0.712777 -0.035337 -242.690000 -0.710878 -0.701282 -0.053437 -4.674530 -0.062870 -0.012313 0.997946 -14.614800
-0.694128 0.718909 -0.036826 -243.897000 -0.717016 -0.695024 -0.053182 -5.928710 -0.063828 -0.010510 0.997906 -14.700600
-0.683439 0.729009 -0.038180 -245.104000 -0.727388 -0.684481 -0.048915 -7.181810 -0.061793 -0.005659 0.998073 -14.788400
-0.666294 0.744568 -0.040880 -246.273000 -0.743012 -0.667545 -0.048140 -8.459680 -0.063133 -0.001701 0.998004 -14.874400
-0.644318 0.763371 -0.046029 -247.391000 -0.761732 -0.645954 -0.050083 -9.760640 -0.067965 0.002792 0.997684 -14.954300
-0.621201 0.782143 -0.048602 -248.451000 -0.780509 -0.623068 -0.050923 -11.087600 -0.070111 0.006301 0.997519 -15.042100
-0.599727 0.798773 -0.047849 -249.464000 -0.797271 -0.601575 -0.049659 -12.423200 -0.068451 0.008367 0.997619 -15.127300
-0.585879 0.809614 -0.035650 -250.411000 -0.807851 -0.586957 -0.053460 -13.774000 -0.064207 -0.002521 0.997933 -15.206400
-0.583301 0.811637 -0.031714 -251.361000 -0.809618 -0.584107 -0.057771 -15.126600 -0.065413 -0.008021 0.997826 -15.295300
-0.592568 0.804999 -0.028978 -252.323000 -0.802620 -0.593102 -0.063488 -16.467900 -0.068295 -0.014362 0.997562 -15.379400
-0.612077 0.790352 -0.026555 -253.306000 -0.788100 -0.612417 -0.061999 -17.765700 -0.065264 -0.017021 0.997723 -15.466400
-0.638045 0.769528 -0.026919 -254.322000 -0.766865 -0.638211 -0.067863 -19.059600 -0.069402 -0.022656 0.997331 -15.556400
-0.662781 0.748259 -0.028791 -255.380000 -0.745267 -0.662892 -0.071778 -20.284900 -0.072794 -0.026117 0.997005 -15.642000
-0.686119 0.726913 -0.028946 -256.480000 -0.724140 -0.686233 -0.068591 -21.476500 -0.069723 -0.026100 0.997225 -15.731500
-0.709224 0.704471 -0.026863 -257.618000 -0.701823 -0.709136 -0.067606 -22.628800 -0.066676 -0.029095 0.997350 -15.819400
-0.728892 0.683908 -0.031404 -258.797000 -0.681083 -0.729017 -0.068267 -23.754000 -0.069582 -0.028370 0.997173 -15.907400
-0.745145 0.665946 -0.035703 -260.012000 -0.663090 -0.745539 -0.066961 -24.852900 -0.071211 -0.026221 0.997117 -15.998600
-0.756734 0.652825 -0.034240 -261.247000 -0.650354 -0.757112 -0.061810 -25.925000 -0.066275 -0.024505 0.997500 -16.085700
-0.764592 0.643674 -0.032903 -262.496000 -0.641101 -0.764798 -0.063825 -26.987100 -0.066246 -0.027706 0.997419 -16.177600
-0.771274 0.635567 -0.034524 -263.762000 -0.632985 -0.771576 -0.063247 -28.041400 -0.066835 -0.026927 0.997401 -16.263200
-0.778251 0.627086 -0.032989 -265.040000 -0.624525 -0.778416 -0.063543 -29.086200 -0.065526 -0.028850 0.997434 -16.353400
-0.784873 0.618755 -0.033426 -266.349000 -0.616015 -0.784963 -0.066018 -30.140100 -0.067088 -0.031225 0.997258 -16.445900
-0.790665 0.611143 -0.036778 -267.693000 -0.608199 -0.790915 -0.067436 -31.180100 -0.070302 -0.030951 0.997045 -16.537800
-0.794651 0.605835 -0.038651 -269.043000 -0.602951 -0.795063 -0.065765 -32.221600 -0.070572 -0.028956 0.997086 -16.639300
-0.798031 0.601681 -0.033557 -270.406000 -0.599645 -0.798387 -0.054806 -33.242400 -0.059767 -0.023615 0.997933 -16.731900
-0.799364 0.599837 -0.034836 -271.780000 -0.597677 -0.799757 -0.056312 -34.292600 -0.061638 -0.024193 0.997805 -16.820100
-0.800199 0.598589 -0.037065 -273.175000 -0.596486 -0.800766 -0.054573 -35.331500 -0.062347 -0.021561 0.997822 -16.902700
-0.799744 0.599099 -0.038601 -274.584000 -0.596775 -0.800346 -0.057499 -36.398300 -0.065341 -0.022948 0.997599 -16.999600
-0.796466 0.603260 -0.041470 -275.995000 -0.600896 -0.797277 -0.057209 -37.475800 -0.067575 -0.020646 0.997501 -17.096200
-0.790546 0.610987 -0.041615 -277.400000 -0.608619 -0.791388 -0.057343 -38.562500 -0.067970 -0.020005 0.997487 -17.192100
-0.782681 0.621170 -0.039458 -278.792000 -0.618879 -0.783415 -0.057005 -39.665300 -0.066322 -0.020198 0.997594 -17.288200
-0.775221 0.630735 -0.034708 -280.187000 -0.628389 -0.775615 -0.059564 -40.809700 -0.064490 -0.024365 0.997621 -17.392500
-0.769638 0.637702 -0.031516 -281.626000 -0.635487 -0.769871 -0.058784 -42.005800 -0.061750 -0.025215 0.997773 -17.491600
-0.765824 0.642059 -0.035697 -283.105000 -0.639847 -0.766368 -0.057242 -43.241300 -0.064110 -0.020997 0.997722 -17.609800
-0.761277 0.647588 -0.032954 -284.626000 -0.645732 -0.761763 -0.052422 -44.527900 -0.059051 -0.018628 0.998081 -17.721800
-0.758266 0.651403 -0.026586 -286.181000 -0.649650 -0.758387 -0.052961 -45.873800 -0.054661 -0.022886 0.998243 -17.819900
-0.755051 0.654979 -0.030003 -287.771000 -0.652599 -0.755152 -0.062122 -47.276000 -0.063346 -0.027326 0.997617 -17.945300
-0.749693 0.660757 -0.036896 -289.405000 -0.658264 -0.750287 -0.061294 -48.693400 -0.068184 -0.021664 0.997438 -18.071400
-0.744200 0.666283 -0.047253 -291.039000 -0.663780 -0.745592 -0.059063 -50.136500 -0.074585 -0.012589 0.997135 -18.203800
-0.739706 0.671402 -0.045316 -292.650000 -0.669214 -0.741019 -0.055165 -51.600600 -0.070617 -0.010480 0.997448 -18.315200
-0.738574 0.673013 -0.039516 -294.262000 -0.670504 -0.739399 -0.060938 -53.080600 -0.070230 -0.018512 0.997359 -18.443200
-0.737398 0.674208 -0.041078 -295.901000 -0.671368 -0.738259 -0.065096 -54.595700 -0.074215 -0.020423 0.997033 -18.580500
-0.735686 0.675830 -0.044945 -297.532000 -0.673100 -0.736886 -0.062738 -56.094200 -0.075520 -0.015903 0.997018 -18.716500
-0.734110 0.677763 -0.041460 -299.125000 -0.675577 -0.735164 -0.055942 -57.571600 -0.068396 -0.013058 0.997573 -18.825600
-0.732608 0.679159 -0.045041 -300.757000 -0.676788 -0.733893 -0.057961 -59.086900 -0.072420 -0.011979 0.997302 -18.953700
-0.730876 0.680980 -0.045688 -302.338000 -0.678612 -0.732216 -0.057841 -60.566900 -0.072842 -0.011270 0.997280 -19.069900
-0.729401 0.682593 -0.045173 -303.919000 -0.680366 -0.730728 -0.056022 -62.055000 -0.071249 -0.010129 0.997407 -19.194800
-0.727617 0.684644 -0.042858 -305.485000 -0.682502 -0.728796 -0.055204 -63.538600 -0.069029 -0.010916 0.997555 -19.321300
-0.725534 0.686848 -0.042899 -307.057000 -0.684839 -0.726741 -0.053320 -65.013900 -0.067799 -0.009306 0.997656 -19.431300
-0.723864 0.688595 -0.043112 -308.613000 -0.686444 -0.725070 -0.055384 -66.514700 -0.069397 -0.010497 0.997534 -19.549100
-0.722317 0.690212 -0.043185 -310.174000 -0.687843 -0.723498 -0.058502 -68.014600 -0.071623 -0.012553 0.997353 -19.673000
-0.720857 0.691715 -0.043535 -311.717000 -0.689327 -0.722066 -0.058730 -69.502800 -0.072059 -0.012326 0.997324 -19.798700
-0.722362 0.690307 -0.040863 -313.245000 -0.687951 -0.723375 -0.058761 -70.977500 -0.070122 -0.014335 0.997435 -19.912000
-0.725674 0.686954 -0.038616 -314.778000 -0.684309 -0.726438 -0.063313 -72.454900 -0.071545 -0.019519 0.997246 -20.029300
-0.729379 0.682966 -0.039559 -316.324000 -0.680420 -0.730228 -0.061602 -73.911600 -0.070959 -0.018014 0.997317 -20.157100
-0.733166 0.678877 -0.039920 -317.877000 -0.676454 -0.734060 -0.059716 -75.363800 -0.069844 -0.016778 0.997417 -20.277800
-0.736739 0.674974 -0.040308 -319.444000 -0.672616 -0.737666 -0.058619 -76.802400 -0.069300 -0.016076 0.997466 -20.393000
-0.740222 0.670978 -0.043131 -321.004000 -0.668531 -0.741326 -0.059174 -78.230900 -0.071679 -0.014967 0.997315 -20.507400
-0.743981 0.666785 -0.043468 -322.567000 -0.664441 -0.745119 -0.057580 -79.635700 -0.070782 -0.013956 0.997394 -20.623400
-0.748086 0.662417 -0.039626 -324.120000 -0.660205 -0.748963 -0.056422 -81.031200 -0.067053 -0.016047 0.997620 -20.739600
-0.752555 0.657282 -0.040522 -325.682000 -0.654764 -0.753405 -0.060543 -82.403100 -0.070323 -0.019029 0.997343 -20.849600
-0.756813 0.652316 -0.041445 -327.224000 -0.649594 -0.757662 -0.063056 -83.761500 -0.072533 -0.020799 0.997149 -20.969700
-0.760824 0.647516 -0.043248 -328.734000 -0.644710 -0.761776 -0.063620 -85.064100 -0.074140 -0.020522 0.997037 -21.079200
-0.764322 0.643456 -0.042155 -330.211000 -0.640723 -0.765194 -0.062861 -86.316400 -0.072705 -0.021036 0.997132 -21.192900
-0.767493 0.639672 -0.042118 -331.668000 -0.636942 -0.768351 -0.062774 -87.536200 -0.072517 -0.021352 0.997139 -21.303300
-0.768689 0.638366 -0.040079 -333.065000 -0.635778 -0.769427 -0.061391 -88.708500 -0.070028 -0.021710 0.997309 -21.405200
-0.768822 0.638225 -0.039772 -334.439000 -0.635549 -0.769508 -0.062728 -89.856900 -0.070639 -0.022950 0.997238 -21.503600
-0.766838 0.640458 -0.042110 -335.757000 -0.637661 -0.767678 -0.063717 -90.960400 -0.073135 -0.022009 0.997079 -21.606300
-0.763347 0.644378 -0.045588 -337.011000 -0.641510 -0.764461 -0.063759 -92.019700 -0.075935 -0.019425 0.996924 -21.683200
-0.760179 0.647985 -0.047366 -338.184000 -0.645353 -0.761500 -0.060313 -93.008700 -0.075151 -0.015281 0.997055 -21.770200
-0.757591 0.651081 -0.046359 -339.290000 -0.648502 -0.758854 -0.059887 -93.951700 -0.074171 -0.015306 0.997128 -21.849000
-0.755726 0.653102 -0.048323 -340.325000 -0.650834 -0.757198 -0.055367 -94.846300 -0.072750 -0.010392 0.997296 -21.914200
-0.759192 0.649266 -0.045628 -341.284000 -0.646353 -0.760314 -0.064429 -95.698300 -0.076523 -0.019422 0.996879 -21.979800
-0.771987 0.634267 -0.041740 -342.186000 -0.630622 -0.772475 -0.074827 -96.476000 -0.079703 -0.031443 0.996323 -22.055500
-0.794179 0.606227 -0.042055 -343.079000 -0.602609 -0.794584 -0.074158 -97.182200 -0.078372 -0.033552 0.996359 -22.119700
-0.825392 0.563092 -0.040687 -343.969000 -0.559268 -0.825373 -0.077316 -97.825100 -0.077119 -0.041061 0.996176 -22.181100
-0.856091 0.514343 -0.050594 -344.956000 -0.509416 -0.856281 -0.085316 -98.442400 -0.087204 -0.047265 0.995069 -22.272300
-0.883796 0.464770 -0.053783 -345.952000 -0.460008 -0.884169 -0.081473 -98.973000 -0.085419 -0.047265 0.995223 -22.340400
-0.906584 0.419803 -0.043249 -346.977000 -0.416153 -0.906299 -0.073749 -99.453100 -0.070156 -0.048861 0.996339 -22.418800
-0.922568 0.383679 -0.040722 -348.046000 -0.379857 -0.921709 -0.078494 -99.893600 -0.067650 -0.056948 0.996083 -22.478700
-0.932020 0.359924 -0.042339 -349.126000 -0.356110 -0.931239 -0.077326 -100.295000 -0.067259 -0.056992 0.996106 -22.546000
-0.936274 0.348397 -0.044847 -350.222000 -0.344483 -0.935644 -0.076829 -100.689000 -0.068728 -0.056484 0.996035 -22.615100
-0.936638 0.347184 -0.046613 -351.324000 -0.343435 -0.936331 -0.073053 -101.078000 -0.069008 -0.052416 0.996238 -22.674900
-0.932605 0.358602 -0.040641 -352.403000 -0.355215 -0.931986 -0.072278 -101.487000 -0.063795 -0.052970 0.996556 -22.721600
-0.924245 0.380289 -0.033925 -353.504000 -0.377558 -0.923571 -0.066836 -101.936000 -0.056749 -0.048964 0.997187 -22.800100
-0.911140 0.410285 -0.038596 -354.609000 -0.407298 -0.910824 -0.067142 -102.416000 -0.062702 -0.045456 0.996997 -22.852200
-0.892931 0.448675 -0.036942 -355.699000 -0.445571 -0.892511 -0.069939 -102.980000 -0.064351 -0.045991 0.996867 -22.912000
-0.868242 0.494879 -0.035370 -356.772000 -0.491842 -0.867892 -0.069675 -103.610000 -0.065178 -0.043098 0.996943 -22.987000
-0.839973 0.541203 -0.039295 -357.842000 -0.537575 -0.839826 -0.075533 -104.298000 -0.073879 -0.042322 0.996369 -23.076900
-0.808959 0.586381 -0.041749 -358.890000 -0.581740 -0.808733 -0.086773 -105.083000 -0.084645 -0.045909 0.995353 -23.158100
-0.779345 0.624810 -0.047269 -359.917000 -0.619227 -0.779520 -0.094374 -105.921000 -0.095813 -0.044280 0.994414 -23.268500
-0.756630 0.651769 -0.052046 -360.912000 -0.645811 -0.757401 -0.096290 -106.774000 -0.102179 -0.039244 0.993992 -23.383000
-0.741373 0.668946 -0.053645 -361.869000 -0.662855 -0.742415 -0.097174 -107.627000 -0.104831 -0.036483 0.993821 -23.475300
-0.730406 0.681942 -0.038233 -362.761000 -0.677674 -0.730546 -0.084029 -108.472000 -0.085234 -0.035465 0.995730 -23.563200
-0.718787 0.694025 -0.040931 -363.608000 -0.690211 -0.719421 -0.077728 -109.264000 -0.083392 -0.027619 0.996134 -23.685800
-0.709957 0.702962 -0.042491 -364.382000 -0.697083 -0.710040 -0.099590 -110.075000 -0.100179 -0.041085 0.994121 -23.744700
-0.702192 0.710786 -0.041363 -365.715000 -0.706119 -0.702671 -0.087463 -111.425000 -0.091232 -0.032209 0.995309 -23.886700
-0.696474 0.716194 -0.044606 -366.788000 -0.711197 -0.697216 -0.089938 -112.533000 -0.095513 -0.030916 0.994948 -24.004300
-0.692283 0.720095 -0.046977 -367.556000 -0.714763 -0.693202 -0.092653 -113.340000 -0.099284 -0.030565 0.994590 -24.090300
-0.688045 0.724166 -0.046665 -368.290000 -0.718850 -0.688964 -0.092645 -114.123000 -0.099241 -0.030199 0.994605 -24.168800
-0.646659 0.761737 -0.039853 -369.037000 -0.757783 -0.647516 -0.080541 -114.980000 -0.087156 -0.021882 0.995954 -24.270400
