-0.178663989 0.982504952 0.052566141 3419.236981 0.978249945 0.183104885 -0.097466125 -3002.145354 -0.105386068 0.034009138 -0.993849664 244.3852429
-0.180503471 0.982212148 0.051747393 3419.192137 0.978355275 0.184709698 -0.093291386 -3001.905322 -0.101190178 0.033787916 -0.994293178 244.3580099
-0.180961182 0.982227124 0.049828977 3419.14296 0.978148897 0.18502046 -0.094827022 -3001.624487 -0.102361053 0.031580149 -0.9942459 244.3328923
-0.18096219 0.982253757 0.049297498 3419.098911 0.978111874 0.184981266 -0.09528428 -3001.383661 -0.102712455 0.030975616 -0.994228677 244.3078057
-0.180879381 0.982173367 0.051167636 3419.043737 0.977980988 0.185126278 -0.096340272 -3001.102246 -0.104095323 0.032615007 -0.994032406 244.2794459
-0.180959162 0.982130727 0.051701234 3418.983068 0.977805052 0.18530868 -0.097764887 -3000.782846 -0.105598587 0.032862276 -0.99386569 244.2485425
-0.181739248 0.982060141 0.050286426 3418.918453 0.977589707 0.18596432 -0.098669328 -3000.42626 -0.106250695 0.031227403 -0.993848902 244.21167
-0.181935549 0.982074739 0.049281473 3418.883276 0.977467556 0.18608265 -0.099651517 -3000.231939 -0.107035665 0.030040888 -0.993801244 244.191425
-0.182173828 0.982053648 0.048819348 3418.84493 0.977406837 0.186277182 -0.099883364 -3000.029375 -0.107184752 0.02952023 -0.993800777 244.1699786
-0.182821979 0.981930571 0.048872045 3418.805027 0.977207081 0.186948588 -0.100581047 -2999.815943 -0.107900165 0.029369682 -0.993727818 244.1487682
-0.183541852 0.981823816 0.048315452 3418.762845 0.977027423 0.18761918 -0.101076495 -2999.590441 -0.108304216 0.028653755 -0.993704765 244.1258359
-0.184351822 0.98172456 0.047236566 3418.718966 0.976863018 0.188316347 -0.101368625 -2999.35073 -0.108411486 0.027456163 -0.993726878 244.1003139
-0.185472304 0.981604139 0.045313783 3418.67322 0.976611792 0.189240661 -0.102065566 -2999.095596 -0.108763192 0.025323639 -0.993745079 244.0735054
-0.187064717 0.981384153 0.043496393 3418.625389 0.976274584 0.190641794 -0.102682239 -2998.827118 -0.109062953 0.023256199 -0.993762759 244.0459193
-0.18877233 0.981031948 0.044060465 3418.570204 0.975851764 0.192418788 -0.103384451 -2998.545825 -0.109901511 0.023480359 -0.9936651 244.0163231
-0.191155213 0.980479321 0.046043295 3418.510026 0.9753168 0.195012487 -0.103572529 -2998.252617 -0.110529741 0.02510837 -0.993555608 243.9838356
-0.193946621 0.980059603 0.043219006 3418.453324 0.975038003 0.197432962 -0.101592908 -2997.949635 -0.108099961 0.022436572 -0.993886814 243.9512514
-0.196963596 0.979640948 0.038845273 3418.397208 0.974786099 0.199917882 -0.099120644 -2997.634104 -0.104868506 0.018342673 -0.994316923 243.9176247
-0.199994634 0.979057988 0.038047386 3418.334213 0.974241466 0.20284001 -0.098536774 -2997.308312 -0.104190748 0.017360515 -0.994405803 243.8814542
-0.203217773 0.97823991 0.041823614 3418.260161 0.973345458 0.206469742 -0.099844204 -2996.970006 -0.106306896 0.020418708 -0.994123695 243.8427659
-0.207489139 0.977210941 0.044799933 3418.182491 0.972349151 0.211041041 -0.099994038 -2996.617296 -0.107169893 0.0228135 -0.993978953 243.80154
-0.212989501 0.975998156 0.04542105 3418.106297 0.971290849 0.216546143 -0.098497995 -2996.253704 -0.105969615 0.023138011 -0.994100132 243.7611141
-0.216767747 0.975242027 0.043757652 3418.02615 0.970754384 0.220074632 -0.095932698 -2995.877717 -0.103187548 0.021682817 -0.994425556 243.7191516
-0.218440869 0.974974771 0.041325332 3417.941101 0.970595625 0.221458484 -0.094341253 -2995.490033 -0.101132187 0.019502201 -0.994681831 243.6768177
-0.219147305 0.975022436 0.036134583 3417.859585 0.970343345 0.221668948 -0.09641924 -2995.086385 -0.102020837 0.013932936 -0.994684685 243.6430047
-0.218284016 0.975313083 0.033413737 3417.771456 0.970594651 0.220533785 -0.096492871 -2994.671785 -0.101479618 0.011368343 -0.994772661 243.6023863
-0.217441769 0.975442542 0.035084532 3417.671399 0.971222699 0.219800398 -0.09172924 -2994.250375 -0.097188197 0.014129125 -0.995165726 243.5470589
-0.21785644 0.975210973 0.038757328 3417.568191 0.971336778 0.220518128 -0.088750321 -2993.815114 -0.09509698 0.018311589 -0.995299578 243.4898539
-0.217708506 0.975170036 0.040575942 3417.463548 0.971243971 0.220562327 -0.089651597 -2993.362728 -0.096375076 0.019891224 -0.995146313 243.4459679
-0.217740071 0.97519169 0.039880185 3417.359999 0.97105344 0.220565504 -0.091684656 -2992.897344 -0.098206308 0.018762367 -0.994989193 243.4033256
-0.217747384 0.975352024 0.035700225 3417.258643 0.970807843 0.220212721 -0.095070971 -2992.421129 -0.100589308 0.013956603 -0.994830139 243.3611236
-0.2176451 0.975501041 0.032067572 3417.156599 0.97062426 0.219775758 -0.097914055 -2991.932805 -0.102562937 0.009815049 -0.994678093 243.3169726
-0.217071723 0.975613005 0.032544294 3417.044789 0.970701478 0.219258256 -0.098307979 -2991.436545 -0.103046147 0.010250912 -0.994623753 243.2669296
-0.216419425 0.975639898 0.035908535 3416.925467 0.970879897 0.218942616 -0.097243804 -2990.928374 -0.102736843 0.013817427 -0.994612598 243.2115064
-0.215921565 0.975680673 0.037750534 3416.806066 0.970873258 0.21864826 -0.097969665 -2990.407198 -0.103841197 0.01549722 -0.994473148 243.1553831
-0.215601153 0.975773786 0.037170707 3416.687065 0.970713253 0.218303643 -0.10029606 -2989.870819 -0.105980767 0.014458151 -0.994263063 243.1018965
-0.215503033 0.975796769 0.037136352 3416.56697 0.970482851 0.218235896 -0.102645654 -2989.321092 -0.108265783 0.013919743 -0.994024527 243.0451026
-0.214926528 0.975823493 0.039687513 3416.438439 0.970463487 0.217952476 -0.10342794 -2988.76383 -0.109577406 0.016285875 -0.993844838 242.9875315
-0.214741919 0.975778235 0.041746186 3416.30694 0.970544403 0.217979902 -0.102607619 -2988.195708 -0.10922211 0.01848237 -0.993845528 242.9262495
-0.215863478 0.975554918 0.041177189 3416.177789 0.970466301 0.219006907 -0.101149064 -2987.617607 -0.107694555 0.018126686 -0.994018765 242.8624532
-0.217047432 0.975343815 0.03993563 3416.04732 0.970432847 0.220018654 -0.09925664 -2987.029075 -0.105595934 0.017211449 -0.99426016 242.7954935
-0.217735013 0.975174102 0.040335283 3415.910402 0.970392216 0.220724145 -0.098080579 -2986.425915 -0.104548611 0.017785469 -0.994360732 242.7280147
-0.2185823 0.974881082 0.042762778 3415.767118 0.970243035 0.221802474 -0.097119081 -2985.81005 -0.104164445 0.020261776 -0.994353674 242.6614859
-0.219699573 0.974362877 0.048467322 3415.615468 0.969775104 0.223531262 -0.097826495 -2985.179904 -0.106152466 0.025509963 -0.994022583 242.5945799
-0.220264014 0.974231109 0.048554198 3415.465834 0.969520122 0.224131597 -0.098973537 -2984.535657 -0.107305628 0.025273963 -0.993904789 242.5261014
-0.221599807 0.973988795 0.047321793 3415.318995 0.969393162 0.225294552 -0.097566713 -2983.881113 -0.105690228 0.024252658 -0.994103307 242.4573132
-0.222841615 0.9740967 0.038434796 3415.175915 0.969785917 0.225525861 -0.093023446 -2983.21664 -0.099281872 0.016544029 -0.994921808 242.3862821
-0.224546189 0.973835802 0.034969122 3415.026707 0.969974336 0.226808371 -0.087793796 -2982.539218 -0.093428031 0.014205389 -0.995524691 242.310443
-0.226014745 0.973557966 0.033199714 3414.869624 0.970037027 0.228054418 -0.083781559 -2981.853057 -0.089137546 0.013269084 -0.995930936 242.2340596
-0.227663565 0.9730933 0.035478596 3414.703334 0.969280079 0.229953559 -0.087278226 -2981.152649 -0.093088287 0.014518624 -0.995551998 242.164871
-0.229156238 0.972866794 0.031900167 3414.539866 0.968079584 0.23120221 -0.096785629 -2980.436989 -0.101534914 0.008702869 -0.994793909 242.1092928
-0.231132344 0.972525914 0.027770239 3414.379398 0.967266051 0.232768325 -0.101070738 -2979.711296 -0.104757943 0.003500493 -0.994491589 242.046571
-0.232366249 0.972238849 0.027523572 3414.205451 0.967002207 0.233968931 -0.100822965 -2978.982217 -0.104463664 0.003187501 -0.994523596 241.9698991
-0.234083604 0.97167568 0.032422814 3414.019846 0.966735489 0.236170662 -0.098213604 -2978.244399 -0.103089088 0.008354091 -0.994637044 241.8885855
-0.236083784 0.97099692 0.037807781 3413.828614 0.966045338 0.238727664 -0.098820582 -2977.493866 -0.104980244 0.013194094 -0.994386778 241.805782
-0.237699368 0.970547985 0.039186971 3413.639489 0.965283651 0.240522925 -0.101863613 -2976.731172 -0.108288889 0.013613626 -0.99402625 241.7297252
-0.239607109 0.969974876 0.04167942 3413.447177 0.964609078 0.242710033 -0.103059041 -2975.962254 -0.110080694 0.015510668 -0.99380162 241.6489241
-0.240658889 0.969777655 0.040182068 3413.2516 0.964522255 0.243573821 -0.101826392 -2975.185622 -0.10853626 0.014251072 -0.993990336 241.5630389
-0.242537391 0.969401467 0.037900006 3413.056642 0.964473963 0.245153103 -0.098437445 -2974.403142 -0.104716707 0.012678808 -0.994421268 241.4757362
-0.244318004 0.96904882 0.035399132 3412.858625 0.964206326 0.246651786 -0.097309082 -2973.61006 -0.10302851 0.010357707 -0.994624474 241.3884496
-0.24639977 0.968679941 0.030762397 3412.660105 0.963910649 0.248241328 -0.096189933 -2972.808141 -0.100813757 0.005951025 -0.994887517 241.3060391
-0.24880964 0.968129795 0.028608801 3412.4585 0.963262943 0.250425645 -0.097012883 -2971.999778 -0.101085439 0.003420057 -0.99487187 241.2236094
-0.250639084 0.967689858 0.027502504 3412.248922 0.962813815 0.252134267 -0.097045708 -2971.184016 -0.100844471 0.002156344 -0.994899866 241.1385232
-0.252170107 0.967358905 0.025039703 3412.038922 0.962150035 0.253407443 -0.100259554 -2970.358423 -0.10333222 -0.001190511 -0.994646186 241.0561788
-0.253749798 0.966913276 0.026263238 3411.821159 0.961544868 0.25510468 -0.101750033 -2969.52764 -0.105083333 -0.000565769 -0.994463259 240.9722688
-0.254752935 0.966639135 0.026640674 3411.598778 0.961483266 0.256142026 -0.099705527 -2968.695869 -0.103203061 0.000214287 -0.994660285 240.8872927
-0.255477599 0.966503441 0.024541712 3411.378605 0.961778262 0.256652461 -0.095457261 -2967.861746 -0.098558462 -0.000783507 -0.995130954 240.7980332
-0.255437701 0.966506979 0.024816139 3411.154494 0.962295449 0.256638901 -0.090132927 -2967.022112 -0.09348289 0.00085711 -0.995620517 240.7079045
-0.254665857 0.966664697 0.026545515 3410.924186 0.9628356 0.256019618 -0.086032337 -2966.176819 -0.089960595 0.003649468 -0.995938639 240.6227292
-0.253783685 0.966912124 0.025976636 3410.69667 0.963208992 0.255085019 -0.0846172 -2965.325538 -0.088443647 0.003546464 -0.996074869 240.5419423
-0.252389163 0.967259275 0.026630928 3410.471321 0.96343331 0.253759637 -0.086036638 -2964.474796 -0.089977591 0.003942408 -0.995935987 240.4693401
-0.250002102 0.967868361 0.027014545 3410.249178 0.963888528 0.251424087 -0.087777189 -2963.631156 -0.091748871 0.004094529 -0.995773759 240.3974213
-0.247744629 0.968411861 0.028303105 3410.029377 0.96419813 0.249307955 -0.090374273 -2962.798369 -0.094575707 0.00490006 -0.995505613 240.3273601
-0.245889304 0.968704114 0.033923296 3409.811883 0.964286862 0.248022355 -0.092928785 -2961.98279 -0.098434232 0.009861594 -0.995094695 240.2548295
-0.24401736 0.969135941 0.035086398 3409.601937 0.964907528 0.246253531 -0.091173799 -2961.184173 -0.096999955 0.01160714 -0.995216702 240.1840295
-0.24223378 0.969579284 0.035196704 3409.400998 0.965523546 0.244467376 -0.089442633 -2960.40246 -0.09532617 0.012317219 -0.995369885 240.1137453
-0.240268045 0.969990256 0.037284978 3409.2023 0.966539232 0.242615339 -0.083304931 -2959.639619 -0.089850879 0.016021881 -0.99582635 240.0370183
-0.238603276 0.970296374 0.039917707 3409.00797 0.967104275 0.24114943 -0.080970821 -2958.890401 -0.088191826 0.019284681 -0.995916815 239.9686359
-0.237331183 0.970540461 0.041534599 3408.823896 0.966995919 0.240112095 -0.085235405 -2958.152009 -0.092697369 0.019934769 -0.995494753 239.9111957
-0.237097342 0.970541882 0.042817122 3408.645402 0.966696583 0.240070198 -0.088679287 -2957.433446 -0.096346077 0.020365542 -0.995139527 239.855834
-0.237698136 0.970426015 0.042106365 3408.473769 0.966448493 0.240623538 -0.089875606 -2956.73574 -0.097349408 0.019330369 -0.995062525 239.8032703
-0.240077963 0.969934912 0.039860226 3408.307636 0.96621266 0.242720355 -0.086717497 -2956.060183 -0.093785216 0.017694495 -0.9954352 239.7453837
-0.243684147 0.96903953 0.039754583 3408.143898 0.965823018 0.246200838 -0.081061989 -2955.407206 -0.088339884 0.018642369 -0.995915924 239.6823385
-0.247833078 0.967832122 0.043356084 3407.977174 0.965014931 0.250570272 -0.077205716 -2954.773349 -0.085585918 0.022705138 -0.996072049 239.6246689
-0.253186485 0.966436952 0.043545623 3407.81632 0.963626325 0.255919733 -0.077002573 -2954.157206 -0.085562316 0.022465698 -0.996079506 239.578142
-0.260680623 0.964544841 0.041217265 3407.661122 0.961666213 0.26319267 -0.076991649 -2953.561641 -0.08510998 0.01956702 -0.996179413 239.5370647
-0.270769385 0.961875549 0.038462559 3407.505987 0.959220022 0.272957829 -0.073423254 -2952.99147 -0.081122689 0.017013288 -0.996558908 239.4957794
-0.283298523 0.958293913 0.037612805 3407.349521 0.955987939 0.285304344 -0.068472561 -2952.444963 -0.076347936 0.016559213 -0.996943722 239.452069
-0.29936827 0.953398405 0.03755156 3407.190405 0.951425522 0.301251362 -0.063538126 -2951.921742 -0.071889607 0.016706214 -0.997272674 239.4084298
-0.318899381 0.947153408 0.034693033 3407.033428 0.945131171 0.320531279 -0.063140869 -2951.416231 -0.070924291 0.012653883 -0.997401436 239.371152
-0.342100906 0.939092491 0.032745432 3406.872686 0.936880072 0.3435606 -0.064975727 -2950.93066 -0.072268258 0.008450288 -0.997349433 239.3410199
-0.369042339 0.928870241 0.031746295 3406.705461 0.926356122 0.370381948 -0.068421833 -2950.467075 -0.075313259 0.004157821 -0.997151255 239.3157877
-0.399289982 0.916245838 0.032574144 3406.529635 0.913593181 0.40061183 -0.069696924 -2950.028539 -0.076909104 0.001930233 -0.99703624 239.291379
-0.432427048 0.901038256 0.03371809 3406.34326 0.898413542 0.433739245 -0.068726813 -2949.609294 -0.076550346 0.000573456 -0.997065552 239.2635635
-0.468208804 0.882923033 0.035034757 3406.140868 0.880552633 0.469517396 -0.064656604 -2949.199711 -0.073536233 0.000577156 -0.997292379 239.2300872
-0.505851418 0.861929996 0.034511241 3405.925427 0.859659144 0.507023446 -0.062557018 -2948.794376 -0.071417778 -0.001976652 -0.997444532 239.1959837
-0.543924116 0.838345922 0.036368549 3405.68854 0.836013366 0.545126432 -0.062600521 -2948.395437 -0.072306349 -0.00364534 -0.997375809 239.16367
-0.582153282 0.812119304 0.039494209 3405.430221 0.809745746 0.583476136 -0.062188624 -2948.008298 -0.07354851 -0.004223044 -0.997282699 239.1325099
-0.620853779 0.78275961 0.042754861 3405.153333 0.780414765 0.622309213 -0.060696282 -2947.633459 -0.074117342 -0.004316991 -0.997240183 239.1026054
-0.659544894 0.750303269 0.045227625 3404.85985 0.747906878 0.661067615 -0.060207233 -2947.270619 -0.075072201 -0.005883321 -0.997160745 239.0736778
-0.697713236 0.714813421 0.047307644 3404.547487 0.712360248 0.699269969 -0.059702497 -2946.923545 -0.075756961 -0.007955138 -0.997094579 239.0414666
-0.734552133 0.676940991 0.046733901 3404.219673 0.674413714 0.735933527 -0.059732634 -2946.592066 -0.074828513 -0.01235875 -0.99711983 239.0094584
-0.769659747 0.636798847 0.045946743 3403.873827 0.634341045 0.770874231 -0.058003096 -2946.278791 -0.072355465 -0.015496744 -0.997258511 238.9769887
-0.802458114 0.595015465 0.044917386 3403.511391 0.59261983 0.80349546 -0.056540102 -2945.9863 -0.069733151 -0.01875213 -0.997389415 238.9438495
-0.833117386 0.551454828 0.042579269 3403.135689 0.549127734 0.833890526 -0.055545685 -2945.712257 -0.066137385 -0.022894618 -0.997547835 238.9134319
-0.861760291 0.505658386 0.040973138 3402.74492 0.503633174 0.862423752 -0.050782849 -2945.461852 -0.061014981 -0.023127211 -0.997868881 238.8815281
-0.887895771 0.458503332 0.037627038 3402.341678 0.45669069 0.888327697 -0.048036621 -2945.231045 -0.055450091 -0.025467595 -0.998136608 238.8494885
-0.911686773 0.409378647 0.035161792 3401.924677 0.407773304 0.91197478 -0.04497704 -2945.020334 -0.050479308 -0.026666932 -0.998369027 238.8213398
-0.932457316 0.359775291 0.032940749 3401.495901 0.35814813 0.932503109 -0.046560385 -2944.828574 -0.047468627 -0.031617904 -0.998372194 238.7950698
-0.950536477 0.308772855 0.033759893 3401.052748 0.30717105 0.950570313 -0.045409547 -2944.659374 -0.046112388 -0.032793369 -0.998397838 238.773419
-0.965704425 0.25702234 0.036803257 3400.59718 0.255230335 0.965728142 -0.04718721 -2944.512875 -0.047670108 -0.03617559 -0.998207838 238.7549621
-0.977870609 0.205351841 0.03999617 3400.130437 0.20336743 0.977893772 -0.048635994 -2944.392052 -0.049099497 -0.039425791 -0.998015454 238.7370957
-0.98718917 0.153457554 0.043684332 3399.657157 0.151264902 0.987241366 -0.049733445 -2944.294882 -0.050758952 -0.042488412 -0.997806727 238.7180215
-0.993833373 0.101877989 0.04377331 3399.181959 0.099642074 0.993738767 -0.050544238 -2944.225222 -0.048648581 -0.045870887 -0.997762085 238.6982566
-0.997788413 0.052176499 0.041181252 3398.699087 0.050155342 0.997554615 -0.048674764 -2944.180342 -0.043620227 -0.046501656 -0.997965366 238.6797047
-0.999291433 0.004072062 0.03741725 3398.220453 0.002264322 0.99883374 -0.048228961 -2944.165297 -0.037570003 -0.048110063 -0.99813522 238.6608082
-0.998468688 -0.044347763 0.033068939 3397.737008 -0.045904608 0.997796352 -0.047908327 -2944.161698 -0.030871439 -0.049352981 -0.998304181 238.6391532
-0.995446654 -0.090644047 0.029489253 3397.252822 -0.091980804 0.994619204 -0.047667291 -2944.183799 -0.025009822 -0.050162691 -0.998427871 238.6173185
-0.990509799 -0.134238315 0.029502758 3396.766677 -0.135456622 0.989799871 -0.044132969 -2944.237162 -0.023277491 -0.047710482 -0.99858994 238.5996376
-0.98383376 -0.176297344 0.031470294 3396.279769 -0.177521961 0.983235743 -0.04163444 -2944.308915 -0.023602676 -0.046548036 -0.998637168 238.5858443
-0.975600777 -0.216442321 0.036821804 3395.792311 -0.217768387 0.975303333 -0.036882758 -2944.402958 -0.027929438 -0.044001472 -0.998640985 238.5788216
-0.966460277 -0.253423796 0.041604233 3395.30776 -0.254764608 0.966511324 -0.030835934 -2944.520846 -0.032396403 -0.040400991 -0.998658216 238.5740106
-0.95661896 -0.287943619 0.044369331 3394.827443 -0.289219509 0.95692198 -0.025542135 -2944.656747 -0.035103294 -0.037266567 -0.998688621 238.564564
-0.94619514 -0.320401517 0.045361045 3394.351108 -0.321619185 0.946600948 -0.022533212 -2944.805529 -0.035719133 -0.035909798 -0.998716491 238.5535964
-0.935796684 -0.349738949 0.04435351 3393.879875 -0.350904144 0.936159356 -0.021724238 -2944.969827 -0.033924141 -0.035893301 -0.998779667 238.5404998
-0.925615597 -0.376182447 0.041503413 3393.41254 -0.377200977 0.925915516 -0.019996983 -2945.150011 -0.03090614 -0.034164648 -0.99893823 238.5245671
-0.915788986 -0.399881626 0.03775207 3392.949079 -0.400712162 0.916036333 -0.017527148 -2945.346036 -0.027573483 -0.031178882 -0.999133415 238.5066024
-0.906375969 -0.421106 0.033946134 3392.488182 -0.421790306 0.906550302 -0.016108632 -2945.553539 -0.023990437 -0.028918627 -0.999293837 238.4882826
-0.897680832 -0.439540712 0.031194337 3392.028096 -0.440141108 0.897790882 -0.01572696 -2945.77179 -0.021093352 -0.027847701 -0.999389602 238.473295
-0.889695426 -0.455525741 0.030632466 3391.567797 -0.456106917 0.889790613 -0.015464322 -2945.999653 -0.020212084 -0.027730216 -0.99941108 238.4638877
-0.882347695 -0.469556004 0.031300225 3391.107666 -0.470132499 0.882480711 -0.014255831 -2946.236843 -0.020927934 -0.027293853 -0.999408359 238.4558442
-0.875576935 -0.482073831 0.031142463 3390.649862 -0.482634029 0.875716745 -0.013585876 -2946.482081 -0.020722581 -0.026925892 -0.999422619 238.4479078
-0.869206993 -0.493544189 0.029888745 3390.195655 -0.494075783 0.869309959 -0.01375925 -2946.73404 -0.019191786 -0.026726942 -0.999458526 238.4390941
-0.863709869 -0.503214134 0.02794275 3389.744011 -0.503701112 0.863762985 -0.014095915 -2946.992102 -0.01704265 -0.026249575 -0.999510134 238.4318364
-0.859302822 -0.510844325 0.025233625 3389.294915 -0.511250541 0.859328641 -0.013310529 -2947.257927 -0.014884369 -0.02433848 -0.999592964 238.4230056
-0.855944897 -0.516585982 0.022299264 3388.846736 -0.516913078 0.855946281 -0.012523332 -2947.52886 -0.012617594 -0.022246063 -0.999672901 238.4124352
-0.853308177 -0.52102209 0.020028394 3388.397556 -0.521284697 0.853310167 -0.011136614 -2947.802488 -0.011288011 -0.019943459 -0.999737385 238.4013958
-0.851464857 -0.52404226 0.019680116 3387.945523 -0.524280328 0.851491821 -0.009582062 -2948.08111 -0.011736053 -0.018476686 -0.99976041 238.3940605
-0.850178795 -0.526047306 0.021685193 3387.490109 -0.526295215 0.850268443 -0.007544686 -2948.362256 -0.014469374 -0.017827145 -0.99973638 238.3909891
-0.84939769 -0.527233159 0.023425623 3387.035782 -0.52749662 0.84953204 -0.006529147 -2948.644351 -0.016458435 -0.017902779 -0.999704262 238.3895315
-0.848694971 -0.528374655 0.023174782 3386.581139 -0.528581401 0.848875596 -0.003453215 -2948.930234 -0.017847915 -0.015180485 -0.999725465 238.384243
-0.848336363 -0.529044698 0.020907495 3386.129194 -0.529168748 0.848516476 -0.000475839 -2949.218618 -0.017488614 -0.011467264 -0.999781301 238.3771259
-0.848049146 -0.529741479 0.013660559 3385.681119 -0.529767549 0.848140681 0.001931252 -2949.507419 -0.01260914 -0.005599125 -0.999904825 238.3671025
-0.848010159 -0.529940304 0.006484159 3385.230055 -0.529954223 0.848026092 -0.000518049 -2949.793293 -0.005224201 -0.003875618 -0.999978843 238.3556528
-0.847993916 -0.529999058 0.002705115 3384.773006 -0.530005898 0.847980269 -0.004817969 -2950.076422 0.000259635 -0.005519335 -0.999984735 238.3454641
-0.848204756 -0.529668455 0.000140996 3384.311982 -0.529659719 0.848189174 -0.005975645 -2950.363842 0.003045519 -0.00514325 -0.999982136 238.3361832
-0.848551102 -0.529107407 -0.002525773 3383.850768 -0.52909567 0.848552061 -0.004143893 -2950.658473 0.004335814 -0.00217993 -0.999988224 238.330396
-0.84856906 -0.529064539 -0.004611204 3383.389463 -0.529077011 0.848571391 0.002027715 -2950.957823 0.002840143 0.004160338 -0.999987313 238.3330006
-0.848622775 -0.528981772 -0.004203681 3382.926444 -0.528998451 0.848598331 0.006442953 -2951.256713 0.000159032 0.007691378 -0.999970408 238.3413134
-0.848573876 -0.529075631 -0.001163456 3382.457058 -0.529073672 0.848558938 0.005364463 -2951.546333 -0.001850946 0.005167697 -0.999984934 238.3439332
-0.848567043 -0.529087416 0.000692919 3381.987304 -0.529083602 0.848564732 0.002904814 -2951.832876 -0.002124887 0.002098317 -0.999995541 238.3442719
-0.848661765 -0.528935054 0.000957906 3381.519348 -0.528933997 0.84866217 0.001160964 -2952.121927 -0.001427013 0.000478596 -0.999998867 238.3444401
-0.848928971 -0.528506695 0.000525712 3381.052144 -0.528503566 0.848926668 0.002737375 -2952.417362 -0.001893012 0.002045996 -0.999996115 238.3457585
-0.849043096 -0.528321862 0.00135339 3380.582938 -0.528310471 0.849037275 0.004873632 -2952.71484 -0.003723925 0.003422914 -0.999987208 238.347137
-0.848681924 -0.528891997 0.003499651 3380.110284 -0.528871561 0.848684778 0.005387078 -2953.007327 -0.005819283 0.002721049 -0.999979366 238.3448326
-0.848647637 -0.528912469 0.006984837 3379.633824 -0.528911719 0.848674237 0.002105427 -2953.297334 -0.007041438 -0.001907596 -0.999973389 238.3442878
-0.848655538 -0.528881108 0.008279525 3379.159374 -0.528904457 0.84868103 -0.000764843 -2953.58699 -0.006622164 -0.005028166 -0.999965432 238.3478693
-0.848606705 -0.528992679 0.005779838 3378.68945 -0.529007856 0.848615775 -0.001398107 -2953.881209 -0.004165274 -0.004244023 -0.999982319 238.3490243
-0.848675394 -0.528910078 0.002050574 3378.218979 -0.52891279 0.848675463 -0.001104623 -2954.17917 -0.001156026 -0.002022042 -0.999997288 238.3422762
-0.848833825 -0.528652363 -0.002795918 3377.748952 -0.528658156 0.848832397 0.002028713 -2954.481197 0.001300782 0.003200125 -0.999994034 238.3329806
-0.848775129 -0.528751628 -0.001579863 3377.271171 -0.528753983 0.848771744 0.002398238 -2954.779426 7.29E-05 0.002870924 -0.999995876 238.3276694
-0.848851974 -0.528606722 0.005025819 3376.784545 -0.528606861 0.848865596 0.001409235 -2955.074771 -0.005011176 -0.00146045 -0.999986378 238.3343259
-0.849316845 -0.527808729 0.008879302 3376.298807 -0.527793665 0.849362468 0.004152854 -2955.379441 -0.009733658 -0.001159351 -0.999951955 238.339526
-0.849741378 -0.527161923 0.00631638 3375.817864 -0.527112521 0.849757736 0.008011265 -2955.687065 -0.009590626 0.00347806 -0.99994796 238.3380968
-0.850064084 -0.526670772 0.002991806 3375.337366 -0.526609689 0.850030401 0.011425963 -2955.995749 -0.008560847 0.008137286 -0.999930246 238.3342826
-0.850015092 -0.526745929 -0.003615234 3374.855044 -0.526757543 0.849981889 0.007568307 -2956.295819 -0.000913691 0.008337527 -0.999964825 238.3264548
-0.84991889 -0.526863802 -0.007239861 3374.366543 -0.52688624 0.849934494 0.001498512 -2956.593439 0.005363896 0.005088197 -0.999972669 238.3183633
-0.849977814 -0.526713325 -0.010525705 3373.874994 -0.526703531 0.850040076 -0.00390652 -2956.892155 0.011004887 0.00222347 -0.999936972 238.3134327
-0.85024103 -0.526236167 -0.012871981 3373.383068 -0.52623419 0.85033113 -0.003814107 -2957.199325 0.012952567 0.003530766 -0.999909878 238.3117854
-0.850469705 -0.525793967 -0.015555864 3372.891155 -0.525806242 0.850596667 -0.003620291 -2957.507727 0.015135293 0.005100422 -0.999872446 238.3162835
-0.850708535 -0.525414834 -0.015304921 3372.395898 -0.525438465 0.850827135 -0.002757996 -2957.817287 0.014470934 0.005695544 -0.999879069 238.3269936
-0.850733735 -0.525383336 -0.0149821 3371.896345 -0.525388226 0.850853576 -0.003924815 -2958.123931 0.014809606 0.004532447 -0.999880059 238.3366951
-0.850900778 -0.525120102 -0.014722251 3371.395442 -0.525102949 0.851022095 -0.005318578 -2958.432395 0.015321853 0.003205115 -0.999877477 238.344503
-0.850944499 -0.525056822 -0.014449724 3370.892518 -0.525037161 0.851061998 -0.005427371 -2958.743954 0.015147289 0.00296825 -0.999880868 238.3524013
-0.850939431 -0.52509375 -0.013365587 3370.386439 -0.525066896 0.851041688 -0.005727085 -2959.055125 0.014381928 0.002144425 -0.999894275 238.3630047
-0.851114306 -0.524839426 -0.012166122 3369.880093 -0.524800511 0.851200787 -0.006453177 -2959.367483 0.013742694 0.000892396 -0.999905167 238.3735349
-0.851184836 -0.524730998 -0.011906076 3369.370894 -0.524669693 0.85126789 -0.008043214 -2959.679998 0.014355784 -0.000599504 -0.999896771 238.3839711
-0.851245566 -0.524595191 -0.013448891 3368.860624 -0.52450953 0.851351131 -0.009539647 -2959.99341 0.016454181 -0.001066511 -0.999864052 238.3931025
-0.85132283 -0.524443391 -0.014441924 3368.348272 -0.524327925 0.851443107 -0.011174206 -2960.308275 0.018156716 -0.001940553 -0.99983327 238.4010584
-0.851349035 -0.524376666 -0.015294879 3367.833063 -0.524230265 0.851481824 -0.012701675 -2960.624483 0.019683774 -0.00279552 -0.999802348 238.4089856
-0.851337793 -0.52439731 -0.01521262 3367.314988 -0.524236214 0.851466589 -0.013455099 -2960.942172 0.020008856 -0.003479828 -0.999793747 238.4183933
-0.851383469 -0.524339749 -0.014629277 3366.794361 -0.524137963 0.851490713 -0.015587212 -2961.26034 0.020629688 -0.005602935 -0.999771485 238.4319435
-0.851506538 -0.524187432 -0.012812172 3366.270193 -0.52398595 0.851573867 -0.016145361 -2961.581583 0.019373706 -0.007034483 -0.999787565 238.4463945
-0.851597388 -0.524066529 -0.011668833 3365.743866 -0.523850008 0.851632878 -0.017395729 -2961.903072 0.019054081 -0.008701439 -0.999780589 238.4592097
-0.851618013 -0.524053315 -0.010718319 3365.215272 -0.523847242 0.851636746 -0.017289296 -2962.227108 0.018188627 -0.009109114 -0.999793078 238.4706672
-0.851661081 -0.524018949 -0.008805954 3364.682092 -0.523866409 0.851666755 -0.015090528 -2962.556302 0.015407461 -0.008238872 -0.999847354 238.4827906
-0.851673778 -0.524021374 -0.007305921 3364.147186 -0.523883508 0.851658396 -0.014968203 -2962.883714 0.014065808 -0.008920575 -0.999861279 238.4955711
-0.851620086 -0.524132013 -0.005372362 3363.607553 -0.523988502 0.851559286 -0.016817604 -2963.210474 0.013389529 -0.011507153 -0.999844141 238.5090409
-0.8515475 -0.524256507 -0.004687238 3363.067538 -0.524074317 0.851432386 -0.020223821 -2963.536682 0.014593336 -0.014765084 -0.99978449 238.5187121
-0.851403206 -0.524484372 -0.005359474 3362.526481 -0.524244814 0.851251429 -0.023203032 -2963.866645 0.016731888 -0.01694546 -0.999716408 238.5243824
-0.851053904 -0.525055011 -0.004948512 3361.983006 -0.524781675 0.850852059 -0.02559233 -2964.198722 0.017647833 -0.019183564 -0.999660215 238.5315413
-0.850382784 -0.526156666 -0.002878079 3361.435269 -0.525900798 0.850116984 -0.027008589 -2964.533074 0.016657453 -0.021454055 -0.999631058 238.5418475
-0.849402422 -0.527745583 0.000354258 3360.88658 -0.527554269 0.849076043 -0.027502111 -2964.870384 0.014213325 -0.02354725 -0.999621683 238.5549643
-0.848203491 -0.529662533 0.002904948 3360.336192 -0.529522571 0.847824238 -0.028282659 -2965.21012 0.012517379 -0.025527685 -0.999595745 238.5691561
-0.846704949 -0.532041131 0.004792087 3359.783696 -0.531937332 0.846275573 -0.029331372 -2965.551395 0.011550071 -0.027384108 -0.999558256 238.5805209
-0.844739642 -0.535148245 0.005594112 3359.23075 -0.5350412 0.84424251 -0.031392654 -2965.895023 0.012076937 -0.0295117 -0.999491474 238.5887676
-0.841653727 -0.539984019 0.006021878 3358.676904 -0.539845955 0.841052768 -0.034591698 -2966.241776 0.013614246 -0.032365118 -0.999383386 238.5962819
-0.83704546 -0.547107278 0.005340835 3358.124826 -0.546908693 0.836382202 -0.03681976 -2966.592741 0.01567738 -0.033740762 -0.999307651 238.6033959
-0.831330706 -0.555761047 0.004349246 3357.574373 -0.555505666 0.830652834 -0.037806416 -2966.951094 0.01739862 -0.033845666 -0.999275617 238.6115488
-0.824706953 -0.565548944 0.00358243 3357.027066 -0.565249233 0.824026774 -0.03838202 -2967.316538 0.018754893 -0.033678885 -0.999256717 238.6226794
-0.817074611 -0.576522945 0.003220911 3356.482002 -0.576177291 0.81636332 -0.039631552 -2967.689055 0.020219066 -0.034237751 -0.99920917 238.6338188
-0.808171352 -0.588940983 0.002754076 3355.940042 -0.588541705 0.807432238 -0.040888177 -2968.068469 0.021856993 -0.034665542 -0.999159933 238.6467531
-0.798092358 -0.602529517 0.002601936 3355.404192 -0.602088172 0.797326594 -0.041953967 -2968.458804 0.02320391 -0.035049735 -0.999116157 238.6615157
-0.786802393 -0.617201198 0.002162187 3354.875016 -0.616727377 0.786050933 -0.042086497 -2968.858853 0.024276247 -0.034447236 -0.999111631 238.6754257
-0.774824906 -0.632173122 0.001873257 3354.35009 -0.631679146 0.774095217 -0.04192913 -2969.27098 0.02505639 -0.033671032 -0.999118831 238.6909755
-0.76270785 -0.646739256 0.002251972 3353.831111 -0.646251961 0.761988251 -0.041621011 -2969.694792 0.025201966 -0.033200014 -0.999130932 238.7088198
-0.750323106 -0.661066755 0.002445737 3353.320543 -0.660606423 0.749651639 -0.04026878 -2970.128835 0.024786901 -0.031830266 -0.999185891 238.727643
-0.737566848 -0.675270873 0.002095752 3352.817736 -0.674834748 0.736971449 -0.03835553 -2970.57529 0.024355863 -0.029704053 -0.999261958 238.7436278
-0.724678061 -0.68908329 0.002434499 3352.320505 -0.688655891 0.724094509 -0.037950034 -2971.031185 0.024387926 -0.029178089 -0.999276673 238.7608298
-0.711688441 -0.70249169 0.002233604 3351.831346 -0.702064839 0.711137529 -0.037260916 -2971.497081 0.024587084 -0.028086299 -0.999303075 238.7782938
-0.699306293 -0.714821514 0.000954652 3351.34947 -0.714337597 0.698782468 -0.037747315 -2971.974191 0.026315499 -0.027078879 -0.99928686 238.7961427
-0.687873186 -0.72582949 -0.001425637 3350.876376 -0.725280681 0.687426888 -0.037579344 -2972.460651 0.028256217 -0.024815837 -0.99929263 238.8111473
-0.677866807 -0.735170006 -0.004653387 3350.411125 -0.7345673 0.677543298 -0.036687327 -2972.958468 0.030124294 -0.021450895 -0.999315959 238.8269309
-0.669718719 -0.742579357 -0.007262009 3349.948728 -0.741961788 0.669507781 -0.035384129 -2973.466652 0.031137495 -0.01830928 -0.9993474 238.8450278
-0.663327111 -0.748251123 -0.010835148 3349.49251 -0.747683143 0.663286331 -0.031955601 -2973.983375 0.03109762 -0.013095759 -0.999430557 238.8639654
-0.658604429 -0.75237021 -0.013389262 3349.039287 -0.751909611 0.658691158 -0.02752989 -2974.508366 0.029532058 -0.008063793 -0.999531307 238.8852739
-0.655054565 -0.755448346 -0.014188496 3348.585201 -0.755063795 0.655185317 -0.024715681 -2975.035592 0.027967514 -0.0054769 -0.999593828 238.906534
-0.651922962 -0.758135392 -0.01507244 3348.130174 -0.757773647 0.652084449 -0.02376913 -2975.564614 0.027848723 -0.004074144 -0.999603847 238.9267311
-0.649518984 -0.760169046 -0.01637409 3347.676818 -0.759809478 0.649719065 -0.023551963 -2976.098283 0.028542032 -0.002856258 -0.999588512 238.946223
-0.647467039 -0.761827717 -0.020123672 3347.225642 -0.761509384 0.647778841 -0.022046141 -2976.638502 0.02983105 0.001050215 -0.999554404 238.9616308
-0.645418173 -0.763495906 -0.022569525 3346.772576 -0.763269589 0.6457946 -0.019205975 -2977.183143 0.029238961 0.004830746 -0.999560777 238.9791068
-0.643839784 -0.764822127 -0.022747471 3346.315295 -0.764659749 0.64420937 -0.017022217 -2977.73005 0.027673102 0.006434495 -0.999596317 238.999352
-0.642886376 -0.765626296 -0.022660159 3345.856879 -0.765503277 0.643243727 -0.015564087 -2978.277792 0.026492279 0.007340486 -0.999622067 239.020901
-0.642268998 -0.76610722 -0.02388016 3345.398779 -0.766006221 0.64265545 -0.015114288 -2978.828959 0.02692588 0.008584913 -0.999600568 239.0404932
-0.641873968 -0.766328087 -0.027185896 3344.940812 -0.766330291 0.642323075 -0.012607597 -2979.383442 0.027123684 0.012740887 -0.999550887 239.0561716
-0.642044634 -0.766099518 -0.029499423 3344.480917 -0.766212296 0.642513838 -0.009730637 -2979.942043 0.026408424 0.016355317 -0.999517433 239.0715519
-0.643332412 -0.764953816 -0.031129847 3344.018565 -0.765239495 0.643733552 -0.003953344 -2980.505302 0.023063453 0.021278474 -0.999507531 239.0920283
-0.646406624 -0.762342033 -0.031513506 3343.552165 -0.762735219 0.646710505 0.000713872 -2981.068905 0.0198359 0.024497912 -0.999503071 239.1116185
-0.650874522 -0.758454253 -0.033309189 3343.083993 -0.758971706 0.651105535 0.004851052 -2981.630628 0.018008496 0.028438159 -0.999433322 239.1285201
-0.656344218 -0.753617987 -0.035667873 3342.61354 -0.754270541 0.656508145 0.008544424 -2982.191199 0.016977018 0.032511309 -0.999327172 239.1428774
-0.662298608 -0.74842288 -0.034982095 3342.136816 -0.749076364 0.662407561 0.010041097 -2982.746621 0.015657418 0.032854465 -0.999337495 239.1562538
-0.668370694 -0.74301888 -0.034692363 3341.655689 -0.743666361 0.668471271 0.010320042 -2983.294455 0.015522862 0.032697157 -0.999344754 239.1685288
-0.675024243 -0.736815177 -0.03802192 3341.173411 -0.737595761 0.675143957 0.011538244 -2983.838947 0.017168716 0.035833401 -0.99921029 239.1808414
-0.682201097 -0.729947261 -0.042174152 3340.690045 -0.730935081 0.682296633 0.014325252 -2984.380986 0.018318603 0.04059927 -0.999007572 239.1914053
-0.688926958 -0.723576829 -0.042617127 3340.197921 -0.724609216 0.688978535 0.015813358 -2984.915539 0.017920106 0.041775012 -0.998966325 239.2034518
-0.695200492 -0.717729103 -0.039512168 3339.697783 -0.718670734 0.695113849 0.01814146 -2985.442268 0.014444802 0.041008191 -0.999054391 239.2195292
-0.702022906 -0.711295405 -0.034966936 3339.194694 -0.712093583 0.701757809 0.021417418 -2985.96365 0.00930421 0.039935249 -0.99915895 239.2376665
-0.708561758 -0.70488781 -0.032762948 3338.69144 -0.705609715 0.708247106 0.022382279 -2986.477433 0.007427268 0.038977081 -0.999212501 239.2497107
-0.714399511 -0.698998315 -0.03216666 3338.187464 -0.699694696 0.714111775 0.021718785 -2986.98016 0.007789197 0.038022731 -0.999246516 239.2606968
-0.719606829 -0.693613172 -0.032661597 3337.681303 -0.694319056 0.719377483 0.020422674 -2987.479415 0.009330582 0.037373865 -0.999257792 239.2696811
-0.723759193 -0.689356033 -0.030998228 3337.171224 -0.689956937 0.723676392 0.01587151 -2987.965895 0.011491564 0.032874594 -0.999393419 239.2761808
-0.726800148 -0.686204724 -0.029742589 3336.661069 -0.686721379 0.726818201 0.012208652 -2988.445683 0.01323982 0.029298122 -0.99948303 239.2838316
-0.729455496 -0.683477996 -0.027431891 3336.153077 -0.683899199 0.729510179 0.009837949 -2988.921521 0.013287821 0.025936994 -0.999575263 239.2955756
-0.730897348 -0.681977403 -0.026379693 3335.647216 -0.682380945 0.730919935 0.010596915 -2989.395445 0.012054587 0.025746257 -0.999595827 239.307647
-0.731434234 -0.681441116 -0.025337052 3335.144377 -0.681815568 0.731450625 0.010368927 -2989.864092 0.01146699 0.024859385 -0.999625189 239.3202773
-0.731055409 -0.681914273 -0.023471526 3334.644911 -0.682252029 0.731030697 0.011237856 -2990.330961 0.009495152 0.024228992 -0.999661342 239.3312235
-0.730016951 -0.683083152 -0.021740706 3334.147511 -0.683350141 0.730046611 0.008033158 -2990.792915 0.010384414 0.020720856 -0.999731369 239.3424823
-0.727962112 -0.68532299 -0.020088896 3333.652743 -0.685539817 0.728007926 0.006294263 -2991.2528 0.010311272 0.018353722 -0.999778385 239.3527058
-0.725657261 -0.687771542 -0.019795085 3333.161079 -0.687952763 0.725746884 0.003529335 -2991.715137 0.011938845 0.016179171 -0.999797829 239.3622416
-0.72264267 -0.690902448 -0.021009008 3332.673994 -0.691090946 0.722763443 0.002512021 -2992.178727 0.013448982 0.016334429 -0.999776131 239.3691281
-0.719439698 -0.694237337 -0.021000971 3332.186636 -0.694393619 0.719595344 0.000208605 -2992.645126 0.01496738 0.014733019 -0.999779434 239.3780103
-0.715548912 -0.698291797 -0.019450458 3331.698615 -0.698389135 0.715714364 -0.002358989 -2993.112611 0.015568235 0.011896017 -0.999808039 239.3901305
-0.711000262 -0.702947633 -0.018527061 3331.210581 -0.70298838 0.711181493 -0.005312498 -2993.583607 0.016910511 0.009247121 -0.999814245 239.4025291
-0.706544764 -0.707375638 -0.020351983 3330.729181 -0.707405727 0.706773854 -0.006917907 -2994.062125 0.019277809 0.009509298 -0.999768943 239.4137341
-0.702120714 -0.711700677 -0.022553259 3330.251671 -0.711748972 0.702396891 -0.007211675 -2994.54701 0.020973892 0.010988793 -0.999719632 239.4248872
-0.697555471 -0.716135578 -0.023794956 3329.771403 -0.716154188 0.697880845 -0.009246933 -2995.032983 0.023228101 0.010590609 -0.999674094 239.4377399
-0.693039387 -0.720457004 -0.02526091 3329.293881 -0.720482939 0.693404712 -0.00970773 -2995.526373 0.024510036 0.011472215 -0.999633756 239.4513599
-0.688829531 -0.724436941 -0.026551755 3328.818024 -0.724471766 0.689231147 -0.010054183 -2996.026194 0.025583918 0.012310379 -0.999596878 239.4665912
-0.684831815 -0.72806963 -0.030331509 3328.346329 -0.728173618 0.68532651 -0.009526659 -2996.53017 0.027723058 0.015562446 -0.999494493 239.4827729
-0.680566457 -0.731797528 -0.036078737 3327.877843 -0.732009657 0.681228916 -0.009435399 -2997.038958 0.031482681 0.019988568 -0.999304407 239.4997261
-0.677259 -0.735018007 -0.032692148 3327.400491 -0.735134543 0.677838227 -0.01060858 -2997.553026 0.029957485 0.016848371 -0.999409166 239.5183345
-0.67337957 -0.738744777 -0.028567645 3326.91752 -0.738810518 0.673835431 -0.010238733 -2998.071334 0.026813702 0.014211524 -0.999539423 239.5385302
-0.669929037 -0.741997364 -0.025199163 3326.439872 -0.742097254 0.670255973 -0.006971135 -2998.596965 0.022062453 0.014030063 -0.999658144 239.5623724
-0.666614628 -0.744878635 -0.02794205 3325.96953 -0.745088317 0.666953615 -0.004034295 -2999.13209 0.021641111 0.018129975 -0.999601404 239.5872804
-0.66211201 -0.748846034 -0.028936201 3325.495681 -0.749004985 0.662526445 -0.00708817 -2999.663802 0.024478946 0.016980196 -0.999556129 239.598001
-0.65644943 -0.753855083 -0.027868633 3325.018186 -0.753897001 0.656898044 -0.011147759 -3000.200915 0.026710646 0.013692139 -0.999549432 239.6087422
-0.650405179 -0.759188465 -0.024616611 3324.537601 -0.759153449 0.650787486 -0.012715717 -3000.749018 0.025673808 0.010417417 -0.999616093 239.6265209
-0.643917692 -0.764724207 -0.023809506 3324.059795 -0.764788917 0.644228377 -0.008228688 -3001.313006 0.021631436 0.012910648 -0.999682648 239.6483563
