-0.1805 0.9822 0.0517 3419.1921 0.9784 0.1847 -0.0933 -3001.9053 -0.1012 0.0338 -0.9943 244.3580
-0.1819 0.9821 0.0493 3418.8833 0.9775 0.1861 -0.0997 -3000.2319 -0.1070 0.0300 -0.9938 244.1914
-0.1828 0.9819 0.0489 3418.8050 0.9772 0.1869 -0.1006 -2999.8159 -0.1079 0.0294 -0.9937 244.1488
-0.1844 0.9817 0.0472 3418.7190 0.9769 0.1883 -0.1014 -2999.3507 -0.1084 0.0275 -0.9937 244.1003
-0.1871 0.9814 0.0435 3418.6254 0.9763 0.1906 -0.1027 -2998.8271 -0.1091 0.0233 -0.9938 244.0459
-0.1912 0.9805 0.0460 3418.5100 0.9753 0.1950 -0.1036 -2998.2526 -0.1105 0.0251 -0.9936 243.9838
-0.1970 0.9796 0.0388 3418.3972 0.9748 0.1999 -0.0991 -2997.6341 -0.1049 0.0183 -0.9943 243.9176
-0.2032 0.9782 0.0418 3418.2602 0.9733 0.2065 -0.0998 -2996.9700 -0.1063 0.0204 -0.9941 243.8428
-0.2130 0.9760 0.0454 3418.1063 0.9713 0.2165 -0.0985 -2996.2537 -0.1060 0.0231 -0.9941 243.7611
-0.2184 0.9750 0.0413 3417.9411 0.9706 0.2215 -0.0943 -2995.4900 -0.1011 0.0195 -0.9947 243.6768
-0.2183 0.9753 0.0334 3417.7715 0.9706 0.2205 -0.0965 -2994.6718 -0.1015 0.0114 -0.9948 243.6024
-0.2179 0.9752 0.0388 3417.5682 0.9713 0.2205 -0.0888 -2993.8151 -0.0951 0.0183 -0.9953 243.4899
-0.2177 0.9752 0.0399 3417.3600 0.9711 0.2206 -0.0917 -2992.8973 -0.0982 0.0188 -0.9950 243.4033
-0.2176 0.9755 0.0321 3417.1566 0.9706 0.2198 -0.0979 -2991.9328 -0.1026 0.0098 -0.9947 243.3170
-0.2164 0.9756 0.0359 3416.9255 0.9709 0.2189 -0.0972 -2990.9284 -0.1027 0.0138 -0.9946 243.2115
-0.2156 0.9758 0.0372 3416.6871 0.9707 0.2183 -0.1003 -2989.8708 -0.1060 0.0145 -0.9943 243.1019
-0.2149 0.9758 0.0397 3416.4384 0.9705 0.2180 -0.1034 -2988.7638 -0.1096 0.0163 -0.9938 242.9875
-0.2159 0.9756 0.0412 3416.1778 0.9705 0.2190 -0.1011 -2987.6176 -0.1077 0.0181 -0.9940 242.8625
-0.2177 0.9752 0.0403 3415.9104 0.9704 0.2207 -0.0981 -2986.4259 -0.1045 0.0178 -0.9944 242.7280
-0.2197 0.9744 0.0485 3415.6155 0.9698 0.2235 -0.0978 -2985.1799 -0.1062 0.0255 -0.9940 242.5946
-0.2216 0.9740 0.0473 3415.3190 0.9694 0.2253 -0.0976 -2983.8811 -0.1057 0.0243 -0.9941 242.4573
-0.2245 0.9738 0.0350 3415.0267 0.9700 0.2268 -0.0878 -2982.5392 -0.0934 0.0142 -0.9955 242.3104
-0.2277 0.9731 0.0355 3414.7033 0.9693 0.2300 -0.0873 -2981.1526 -0.0931 0.0145 -0.9956 242.1649
-0.2311 0.9725 0.0278 3414.3794 0.9673 0.2328 -0.1011 -2979.7113 -0.1048 0.0035 -0.9945 242.0466
-0.2341 0.9717 0.0324 3414.0198 0.9667 0.2362 -0.0982 -2978.2444 -0.1031 0.0084 -0.9946 241.8886
-0.2377 0.9705 0.0392 3413.6395 0.9653 0.2405 -0.1019 -2976.7312 -0.1083 0.0136 -0.9940 241.7297
-0.2407 0.9698 0.0402 3413.2516 0.9645 0.2436 -0.1018 -2975.1856 -0.1085 0.0143 -0.9940 241.5630
-0.2443 0.9690 0.0354 3412.8586 0.9642 0.2467 -0.0973 -2973.6101 -0.1030 0.0104 -0.9946 241.3884
-0.2488 0.9681 0.0286 3412.4585 0.9633 0.2504 -0.0970 -2971.9998 -0.1011 0.0034 -0.9949 241.2236
-0.2522 0.9674 0.0250 3412.0389 0.9622 0.2534 -0.1003 -2970.3584 -0.1033 -0.0012 -0.9946 241.0562
-0.2548 0.9666 0.0266 3411.5988 0.9615 0.2561 -0.0997 -2968.6959 -0.1032 0.0002 -0.9947 240.8873
-0.2554 0.9665 0.0248 3411.1545 0.9623 0.2566 -0.0901 -2967.0221 -0.0935 0.0009 -0.9956 240.7079
-0.2538 0.9669 0.0260 3410.6967 0.9632 0.2551 -0.0846 -2965.3255 -0.0884 0.0035 -0.9961 240.5419
-0.2500 0.9679 0.0270 3410.2492 0.9639 0.2514 -0.0878 -2963.6312 -0.0917 0.0041 -0.9958 240.3974
-0.2459 0.9687 0.0339 3409.8119 0.9643 0.2480 -0.0929 -2961.9828 -0.0984 0.0099 -0.9951 240.2548
-0.2422 0.9696 0.0352 3409.4010 0.9655 0.2445 -0.0894 -2960.4025 -0.0953 0.0123 -0.9954 240.1137
-0.2386 0.9703 0.0399 3409.0080 0.9671 0.2411 -0.0810 -2958.8904 -0.0882 0.0193 -0.9959 239.9686
-0.2371 0.9705 0.0428 3408.6454 0.9667 0.2401 -0.0887 -2957.4334 -0.0963 0.0204 -0.9951 239.8558
-0.2401 0.9699 0.0399 3408.3076 0.9662 0.2427 -0.0867 -2956.0602 -0.0938 0.0177 -0.9954 239.7454
-0.2478 0.9678 0.0434 3407.9772 0.9650 0.2506 -0.0772 -2954.7733 -0.0856 0.0227 -0.9961 239.6247
-0.2607 0.9645 0.0412 3407.6611 0.9617 0.2632 -0.0770 -2953.5616 -0.0851 0.0196 -0.9962 239.5371
-0.2833 0.9583 0.0376 3407.3495 0.9560 0.2853 -0.0685 -2952.4450 -0.0763 0.0166 -0.9969 239.4521
-0.3189 0.9472 0.0347 3407.0334 0.9451 0.3205 -0.0631 -2951.4162 -0.0709 0.0127 -0.9974 239.3712
-0.3690 0.9289 0.0317 3406.7055 0.9264 0.3704 -0.0684 -2950.4671 -0.0753 0.0042 -0.9972 239.3158
-0.4324 0.9010 0.0337 3406.3433 0.8984 0.4337 -0.0687 -2949.6093 -0.0766 0.0006 -0.9971 239.2636
-0.5059 0.8619 0.0345 3405.9254 0.8597 0.5070 -0.0626 -2948.7944 -0.0714 -0.0020 -0.9974 239.1960
-0.5822 0.8121 0.0395 3405.4302 0.8097 0.5835 -0.0622 -2948.0083 -0.0735 -0.0042 -0.9973 239.1325
-0.6595 0.7503 0.0452 3404.8598 0.7479 0.6611 -0.0602 -2947.2706 -0.0751 -0.0059 -0.9972 239.0737
-0.7346 0.6769 0.0467 3404.2197 0.6744 0.7359 -0.0597 -2946.5921 -0.0748 -0.0124 -0.9971 239.0095
-0.8025 0.5950 0.0449 3403.5114 0.5926 0.8035 -0.0565 -2945.9863 -0.0697 -0.0188 -0.9974 238.9438
-0.8618 0.5057 0.0410 3402.7449 0.5036 0.8624 -0.0508 -2945.4619 -0.0610 -0.0231 -0.9979 238.8815
-0.9117 0.4094 0.0352 3401.9247 0.4078 0.9120 -0.0450 -2945.0203 -0.0505 -0.0267 -0.9984 238.8213
-0.9505 0.3088 0.0338 3401.0527 0.3072 0.9506 -0.0454 -2944.6594 -0.0461 -0.0328 -0.9984 238.7734
-0.9779 0.2054 0.0400 3400.1304 0.2034 0.9779 -0.0486 -2944.3921 -0.0491 -0.0394 -0.9980 238.7371
-0.9938 0.1019 0.0438 3399.1820 0.0996 0.9937 -0.0505 -2944.2252 -0.0486 -0.0459 -0.9978 238.6983
-0.9993 0.0041 0.0374 3398.2205 0.0023 0.9988 -0.0482 -2944.1653 -0.0376 -0.0481 -0.9981 238.6608
-0.9954 -0.0906 0.0295 3397.2528 -0.0920 0.9946 -0.0477 -2944.1838 -0.0250 -0.0502 -0.9984 238.6173
-0.9838 -0.1763 0.0315 3396.2798 -0.1775 0.9832 -0.0416 -2944.3089 -0.0236 -0.0465 -0.9986 238.5858
-0.9665 -0.2534 0.0416 3395.3078 -0.2548 0.9665 -0.0308 -2944.5208 -0.0324 -0.0404 -0.9987 238.5740
-0.9462 -0.3204 0.0454 3394.3511 -0.3216 0.9466 -0.0225 -2944.8055 -0.0357 -0.0359 -0.9987 238.5536
-0.9256 -0.3762 0.0415 3393.4125 -0.3772 0.9259 -0.0200 -2945.1500 -0.0309 -0.0342 -0.9989 238.5246
-0.9064 -0.4211 0.0339 3392.4882 -0.4218 0.9066 -0.0161 -2945.5535 -0.0240 -0.0289 -0.9993 238.4883
-0.8897 -0.4555 0.0306 3391.5678 -0.4561 0.8898 -0.0155 -2945.9997 -0.0202 -0.0277 -0.9994 238.4639
-0.8756 -0.4821 0.0311 3390.6499 -0.4826 0.8757 -0.0136 -2946.4821 -0.0207 -0.0269 -0.9994 238.4479
-0.8637 -0.5032 0.0279 3389.7440 -0.5037 0.8638 -0.0141 -2946.9921 -0.0170 -0.0262 -0.9995 238.4318
-0.8559 -0.5166 0.0223 3388.8467 -0.5169 0.8559 -0.0125 -2947.5289 -0.0126 -0.0222 -0.9997 238.4124
-0.8515 -0.5240 0.0197 3387.9455 -0.5243 0.8515 -0.0096 -2948.0811 -0.0117 -0.0185 -0.9998 238.3941
-0.8494 -0.5272 0.0234 3387.0358 -0.5275 0.8495 -0.0065 -2948.6444 -0.0165 -0.0179 -0.9997 238.3895
-0.8483 -0.5290 0.0209 3386.1292 -0.5292 0.8485 -0.0005 -2949.2186 -0.0175 -0.0115 -0.9998 238.3771
-0.8480 -0.5299 0.0065 3385.2301 -0.5300 0.8480 -0.0005 -2949.7933 -0.0052 -0.0039 -1.0000 238.3557
-0.8482 -0.5297 0.0001 3384.3120 -0.5297 0.8482 -0.0060 -2950.3638 0.0030 -0.0051 -1.0000 238.3362
-0.8486 -0.5291 -0.0046 3383.3895 -0.5291 0.8486 0.0020 -2950.9578 0.0028 0.0042 -1.0000 238.3330
-0.8486 -0.5291 -0.0012 3382.4571 -0.5291 0.8486 0.0054 -2951.5463 -0.0019 0.0052 -1.0000 238.3439
-0.8487 -0.5289 0.0010 3381.5193 -0.5289 0.8487 0.0012 -2952.1219 -0.0014 0.0005 -1.0000 238.3444
-0.8490 -0.5283 0.0014 3380.5829 -0.5283 0.8490 0.0049 -2952.7148 -0.0037 0.0034 -1.0000 238.3471
-0.8486 -0.5289 0.0070 3379.6338 -0.5289 0.8487 0.0021 -2953.2973 -0.0070 -0.0019 -1.0000 238.3443
-0.8486 -0.5290 0.0058 3378.6894 -0.5290 0.8486 -0.0014 -2953.8812 -0.0042 -0.0042 -1.0000 238.3490
-0.8488 -0.5287 -0.0028 3377.7490 -0.5287 0.8488 0.0020 -2954.4812 0.0013 0.0032 -1.0000 238.3330
-0.8489 -0.5286 0.0050 3376.7845 -0.5286 0.8489 0.0014 -2955.0748 -0.0050 -0.0015 -1.0000 238.3343
-0.8497 -0.5272 0.0063 3375.8179 -0.5271 0.8498 0.0080 -2955.6871 -0.0096 0.0035 -0.9999 238.3381
-0.8500 -0.5267 -0.0036 3374.8550 -0.5268 0.8500 0.0076 -2956.2958 -0.0009 0.0083 -1.0000 238.3265
-0.8500 -0.5267 -0.0105 3373.8750 -0.5267 0.8500 -0.0039 -2956.8922 0.0110 0.0022 -0.9999 238.3134
-0.8505 -0.5258 -0.0156 3372.8912 -0.5258 0.8506 -0.0036 -2957.5077 0.0151 0.0051 -0.9999 238.3163
-0.8507 -0.5254 -0.0150 3371.8963 -0.5254 0.8509 -0.0039 -2958.1239 0.0148 0.0045 -0.9999 238.3367
-0.8509 -0.5251 -0.0144 3370.8925 -0.5250 0.8511 -0.0054 -2958.7440 0.0151 0.0030 -0.9999 238.3524
-0.8511 -0.5248 -0.0122 3369.8801 -0.5248 0.8512 -0.0065 -2959.3675 0.0137 0.0009 -0.9999 238.3735
-0.8512 -0.5246 -0.0134 3368.8606 -0.5245 0.8514 -0.0095 -2959.9934 0.0165 -0.0011 -0.9999 238.3931
-0.8513 -0.5244 -0.0153 3367.8331 -0.5242 0.8515 -0.0127 -2960.6245 0.0197 -0.0028 -0.9998 238.4090
-0.8514 -0.5243 -0.0146 3366.7944 -0.5241 0.8515 -0.0156 -2961.2603 0.0206 -0.0056 -0.9998 238.4319
-0.8516 -0.5241 -0.0117 3365.7439 -0.5239 0.8516 -0.0174 -2961.9031 0.0191 -0.0087 -0.9998 238.4592
-0.8517 -0.5240 -0.0088 3364.6821 -0.5239 0.8517 -0.0151 -2962.5563 0.0154 -0.0082 -0.9998 238.4828
-0.8516 -0.5241 -0.0054 3363.6076 -0.5240 0.8516 -0.0168 -2963.2105 0.0134 -0.0115 -0.9998 238.5090
-0.8514 -0.5245 -0.0054 3362.5265 -0.5242 0.8513 -0.0232 -2963.8666 0.0167 -0.0169 -0.9997 238.5244
-0.8504 -0.5262 -0.0029 3361.4353 -0.5259 0.8501 -0.0270 -2964.5331 0.0167 -0.0215 -0.9996 238.5418
-0.8482 -0.5297 0.0029 3360.3362 -0.5295 0.8478 -0.0283 -2965.2101 0.0125 -0.0255 -0.9996 238.5692
-0.8447 -0.5351 0.0056 3359.2308 -0.5350 0.8442 -0.0314 -2965.8950 0.0121 -0.0295 -0.9995 238.5888
-0.8370 -0.5471 0.0053 3358.1248 -0.5469 0.8364 -0.0368 -2966.5927 0.0157 -0.0337 -0.9993 238.6034
-0.8247 -0.5655 0.0036 3357.0271 -0.5652 0.8240 -0.0384 -2967.3165 0.0188 -0.0337 -0.9993 238.6227
-0.8082 -0.5889 0.0028 3355.9400 -0.5885 0.8074 -0.0409 -2968.0685 0.0219 -0.0347 -0.9992 238.6468
-0.7868 -0.6172 0.0022 3354.8750 -0.6167 0.7861 -0.0421 -2968.8589 0.0243 -0.0344 -0.9991 238.6754
-0.7627 -0.6467 0.0023 3353.8311 -0.6463 0.7620 -0.0416 -2969.6948 0.0252 -0.0332 -0.9991 238.7088
-0.7376 -0.6753 0.0021 3352.8177 -0.6748 0.7370 -0.0384 -2970.5753 0.0244 -0.0297 -0.9993 238.7436
-0.7117 -0.7025 0.0022 3351.8313 -0.7021 0.7111 -0.0373 -2971.4971 0.0246 -0.0281 -0.9993 238.7783
-0.6879 -0.7258 -0.0014 3350.8764 -0.7253 0.6874 -0.0376 -2972.4607 0.0283 -0.0248 -0.9993 238.8111
-0.6697 -0.7426 -0.0073 3349.9487 -0.7420 0.6695 -0.0354 -2973.4667 0.0311 -0.0183 -0.9993 238.8450
-0.6586 -0.7524 -0.0134 3349.0393 -0.7519 0.6587 -0.0275 -2974.5084 0.0295 -0.0081 -0.9995 238.8853
-0.6519 -0.7581 -0.0151 3348.1302 -0.7578 0.6521 -0.0238 -2975.5646 0.0278 -0.0041 -0.9996 238.9267
-0.6475 -0.7618 -0.0201 3347.2256 -0.7615 0.6478 -0.0220 -2976.6385 0.0298 0.0011 -0.9996 238.9616
-0.6438 -0.7648 -0.0227 3346.3153 -0.7647 0.6442 -0.0170 -2977.7301 0.0277 0.0064 -0.9996 238.9994
-0.6423 -0.7661 -0.0239 3345.3988 -0.7660 0.6427 -0.0151 -2978.8290 0.0269 0.0086 -0.9996 239.0405
-0.6420 -0.7661 -0.0295 3344.4809 -0.7662 0.6425 -0.0097 -2979.9420 0.0264 0.0164 -0.9995 239.0716
-0.6464 -0.7623 -0.0315 3343.5522 -0.7627 0.6467 0.0007 -2981.0689 0.0198 0.0245 -0.9995 239.1116
-0.6563 -0.7536 -0.0357 3342.6135 -0.7543 0.6565 0.0085 -2982.1912 0.0170 0.0325 -0.9993 239.1429
-0.6684 -0.7430 -0.0347 3341.6557 -0.7437 0.6685 0.0103 -2983.2945 0.0155 0.0327 -0.9993 239.1685
-0.6822 -0.7299 -0.0422 3340.6900 -0.7309 0.6823 0.0143 -2984.3810 0.0183 0.0406 -0.9990 239.1914
-0.6952 -0.7177 -0.0395 3339.6978 -0.7187 0.6951 0.0181 -2985.4423 0.0144 0.0410 -0.9991 239.2195
-0.7086 -0.7049 -0.0328 3338.6914 -0.7056 0.7082 0.0224 -2986.4774 0.0074 0.0390 -0.9992 239.2497
-0.7196 -0.6936 -0.0327 3337.6813 -0.6943 0.7194 0.0204 -2987.4794 0.0093 0.0374 -0.9993 239.2697
-0.7268 -0.6862 -0.0297 3336.6611 -0.6867 0.7268 0.0122 -2988.4457 0.0132 0.0293 -0.9995 239.2838
-0.7309 -0.6820 -0.0264 3335.6472 -0.6824 0.7309 0.0106 -2989.3954 0.0121 0.0257 -0.9996 239.3076
-0.7311 -0.6819 -0.0235 3334.6449 -0.6823 0.7310 0.0112 -2990.3310 0.0095 0.0242 -0.9997 239.3312
-0.7280 -0.6853 -0.0201 3333.6527 -0.6855 0.7280 0.0063 -2991.2528 0.0103 0.0184 -0.9998 239.3527
-0.7226 -0.6909 -0.0210 3332.6740 -0.6911 0.7228 0.0025 -2992.1787 0.0134 0.0163 -0.9998 239.3691
-0.7155 -0.6983 -0.0195 3331.6986 -0.6984 0.7157 -0.0024 -2993.1126 0.0156 0.0119 -0.9998 239.3901
-0.7065 -0.7074 -0.0204 3330.7292 -0.7074 0.7068 -0.0069 -2994.0621 0.0193 0.0095 -0.9998 239.4137
-0.6976 -0.7161 -0.0238 3329.7714 -0.7162 0.6979 -0.0092 -2995.0330 0.0232 0.0106 -0.9997 239.4377
-0.6888 -0.7244 -0.0266 3328.8180 -0.7245 0.6892 -0.0101 -2996.0262 0.0256 0.0123 -0.9996 239.4666
-0.6806 -0.7318 -0.0361 3327.8778 -0.7320 0.6812 -0.0094 -2997.0390 0.0315 0.0200 -0.9993 239.4997
-0.6734 -0.7387 -0.0286 3326.9175 -0.7388 0.6738 -0.0102 -2998.0713 0.0268 0.0142 -0.9995 239.5385
-0.6666 -0.7449 -0.0279 3325.9695 -0.7451 0.6670 -0.0040 -2999.1321 0.0216 0.0181 -0.9996 239.5873
-0.6564 -0.7539 -0.0279 3325.0182 -0.7539 0.6569 -0.0111 -3000.2009 0.0267 0.0137 -0.9995 239.6087
-0.6439 -0.7647 -0.0238 3324.0598 -0.7648 0.6442 -0.0082 -3001.3130 0.0216 0.0129 -0.9997 239.6484
-0.6311 -0.7753 -0.0258 3323.1118 -0.7755 0.6314 -0.0041 -3002.4700 0.0194 0.0174 -0.9997 239.6797
-0.6188 -0.7851 -0.0267 3322.1577 -0.7853 0.6191 -0.0025 -3003.6676 0.0185 0.0194 -0.9996 239.7064
-0.6077 -0.7938 -0.0255 3321.1961 -0.7940 0.6079 -0.0002 -3004.9063 0.0157 0.0201 -0.9997 239.7340
-0.5974 -0.8013 -0.0306 3320.2435 -0.8017 0.5977 -0.0000 -3006.1782 0.0183 0.0245 -0.9995 239.7569
-0.5901 -0.8067 -0.0329 3319.2855 -0.8071 0.5904 0.0006 -3007.4818 0.0189 0.0269 -0.9995 239.7804
-0.5856 -0.8099 -0.0324 3318.3306 -0.8104 0.5858 0.0050 -3008.8084 0.0149 0.0292 -0.9995 239.8137
-0.5828 -0.8120 -0.0319 3317.3737 -0.8125 0.5830 0.0054 -3010.1409 0.0142 0.0290 -0.9995 239.8403
-0.5820 -0.8126 -0.0328 3316.4200 -0.8131 0.5821 0.0058 -3011.4765 0.0144 0.0301 -0.9994 239.8644
-0.5832 -0.8116 -0.0335 3315.4690 -0.8122 0.5834 0.0061 -3012.8068 0.0145 0.0308 -0.9994 239.8902
-0.5863 -0.8095 -0.0317 3314.5175 -0.8100 0.5865 0.0058 -3014.1283 0.0139 0.0290 -0.9995 239.9188
-0.5900 -0.8070 -0.0270 3313.5659 -0.8073 0.5901 0.0047 -3015.4318 0.0122 0.0246 -0.9996 239.9487
-0.5936 -0.8044 -0.0244 3312.6196 -0.8047 0.5937 0.0026 -3016.7123 0.0124 0.0212 -0.9997 239.9752
-0.5983 -0.8006 -0.0327 3311.6947 -0.8010 0.5986 0.0010 -3017.9731 0.0188 0.0267 -0.9995 239.9953
-0.6074 -0.7937 -0.0342 3310.7700 -0.7942 0.6077 0.0021 -3019.2148 0.0192 0.0284 -0.9994 240.0257
-0.6207 -0.7832 -0.0358 3309.8441 -0.7839 0.6208 0.0100 -3020.4371 0.0144 0.0343 -0.9993 240.0623
-0.6377 -0.7695 -0.0350 3308.9006 -0.7702 0.6378 0.0109 -3021.6203 0.0139 0.0339 -0.9993 240.0935
-0.6578 -0.7523 -0.0369 3307.9447 -0.7529 0.6580 0.0082 -3022.7621 0.0181 0.0331 -0.9993 240.1186
-0.6789 -0.7333 -0.0365 3306.9729 -0.7339 0.6792 0.0040 -3023.8578 0.0219 0.0295 -0.9993 240.1476
-0.7034 -0.7100 -0.0327 3305.9834 -0.7105 0.7037 0.0051 -3024.9085 0.0194 0.0268 -0.9995 240.1867
-0.7309 -0.6816 -0.0337 3304.9779 -0.6821 0.7312 0.0051 -3025.9043 0.0212 0.0267 -0.9994 240.2265
-0.7612 -0.6478 -0.0318 3303.9467 -0.6480 0.7616 -0.0026 -3026.8380 0.0259 0.0187 -0.9995 240.2551
-0.7912 -0.6112 -0.0194 3302.8864 -0.6113 0.7914 -0.0009 -3027.7068 0.0159 0.0111 -0.9998 240.2992
-0.8221 -0.5691 -0.0145 3301.8174 -0.5692 0.8222 -0.0011 -3028.5070 0.0125 0.0074 -0.9999 240.3363
-0.8559 -0.5170 -0.0099 3300.7332 -0.5170 0.8560 -0.0047 -3029.2235 0.0109 0.0011 -0.9999 240.3515
-0.8903 -0.4554 0.0024 3299.6340 -0.4554 0.8903 -0.0038 -3029.8479 -0.0004 -0.0045 -1.0000 240.3804
-0.9236 -0.3833 0.0077 3298.5207 -0.3834 0.9236 -0.0041 -3030.3810 -0.0055 -0.0068 -1.0000 240.3935
-0.9524 -0.3042 0.0186 3297.3760 -0.3044 0.9525 -0.0087 -3030.8127 -0.0151 -0.0139 -0.9998 240.3930
-0.9744 -0.2216 0.0385 3296.1987 -0.2222 0.9749 -0.0120 -3031.1416 -0.0349 -0.0202 -0.9992 240.3882
-0.9890 -0.1376 0.0546 3295.0057 -0.1387 0.9902 -0.0180 -3031.3708 -0.0516 -0.0253 -0.9983 240.3702
-0.9969 -0.0539 0.0577 3293.8050 -0.0553 0.9982 -0.0218 -3031.4892 -0.0564 -0.0249 -0.9981 240.3152
-0.9976 0.0291 0.0627 3292.5888 0.0276 0.9993 -0.0242 -3031.5138 -0.0633 -0.0225 -0.9977 240.2414
-0.9911 0.1099 0.0757 3291.3494 0.1080 0.9937 -0.0285 -3031.4400 -0.0783 -0.0201 -0.9967 240.1747
-0.9774 0.1910 0.0901 3290.0923 0.1895 0.9816 -0.0251 -3031.2769 -0.0932 -0.0074 -0.9956 240.0875
-0.9569 0.2724 0.1010 3288.8201 0.2715 0.9622 -0.0229 -3031.0026 -0.1034 0.0055 -0.9946 239.9758
-0.9296 0.3518 0.1099 3287.5337 0.3514 0.9359 -0.0237 -3030.6064 -0.1112 0.0166 -0.9937 239.8450
-0.8982 0.4238 0.1168 3286.2441 0.4242 0.9053 -0.0230 -3030.0933 -0.1155 0.0289 -0.9929 239.6967
-0.8646 0.4883 0.1180 3284.9564 0.4891 0.8719 -0.0243 -3029.4526 -0.1148 0.0367 -0.9927 239.5360
-0.8307 0.5440 0.1184 3283.6726 0.5449 0.8380 -0.0276 -3028.6927 -0.1143 0.0416 -0.9926 239.3658
-0.7993 0.5881 0.1232 3282.3906 0.5891 0.8074 -0.0325 -3027.8203 -0.1186 0.0466 -0.9918 239.1910
-0.7752 0.6183 0.1296 3281.1049 0.6194 0.7842 -0.0370 -3026.8538 -0.1245 0.0516 -0.9909 239.0068
-0.7596 0.6374 0.1296 3279.8159 0.6387 0.7686 -0.0364 -3025.8140 -0.1228 0.0551 -0.9909 238.8029
-0.7532 0.6461 0.1231 3278.5208 0.6465 0.7617 -0.0425 -3024.7091 -0.1213 0.0475 -0.9915 238.5952
-0.7531 0.6465 0.1219 3277.1969 0.6459 0.7618 -0.0497 -3023.5624 -0.1250 0.0413 -0.9913 238.3874
-0.7560 0.6436 0.1195 3275.8358 0.6425 0.7645 -0.0523 -3022.3942 -0.1250 0.0372 -0.9915 238.1659
-0.7627 0.6365 0.1144 3274.4267 0.6350 0.7706 -0.0541 -3021.1944 -0.1226 0.0314 -0.9920 237.9320
-0.7713 0.6264 0.1126 3272.9414 0.6242 0.7791 -0.0586 -3019.9564 -0.1245 0.0251 -0.9919 237.6919
-0.7794 0.6154 0.1171 3271.3522 0.6136 0.7877 -0.0557 -3018.6906 -0.1266 0.0284 -0.9916 237.4286
-0.7843 0.6091 0.1181 3269.6928 0.6078 0.7925 -0.0506 -3017.4026 -0.1244 0.0321 -0.9917 237.1503
-0.7839 0.6086 0.1229 3267.9777 0.6073 0.7928 -0.0521 -3016.0902 -0.1291 0.0338 -0.9911 236.8811
-0.7808 0.6126 0.1231 3266.2376 0.6114 0.7896 -0.0514 -3014.7501 -0.1287 0.0351 -0.9911 236.5996
-0.7768 0.6174 0.1242 3264.4659 0.6163 0.7858 -0.0512 -3013.3702 -0.1292 0.0368 -0.9909 236.3121
-0.7707 0.6245 0.1269 3262.6715 0.6235 0.7801 -0.0521 -3011.9501 -0.1315 0.0390 -0.9905 236.0223
-0.7627 0.6340 0.1277 3260.8613 0.6336 0.7721 -0.0491 -3010.4912 -0.1298 0.0434 -0.9906 235.7190
-0.7549 0.6432 0.1282 3259.0474 0.6430 0.7643 -0.0479 -3008.9858 -0.1288 0.0463 -0.9906 235.4185
-0.7477 0.6517 0.1273 3257.2252 0.6516 0.7570 -0.0487 -3007.4319 -0.1281 0.0465 -0.9907 235.1201
-0.7417 0.6581 0.1293 3255.3891 0.6578 0.7515 -0.0515 -3005.8340 -0.1311 0.0468 -0.9903 234.8142
-0.7348 0.6639 0.1389 3253.5399 0.6630 0.7463 -0.0595 -3004.1898 -0.1431 0.0483 -0.9885 234.4980
-0.7322 0.6663 0.1411 3251.6770 0.6657 0.7439 -0.0581 -3002.5193 -0.1437 0.0514 -0.9883 234.1468
-0.7342 0.6669 0.1276 3249.8098 0.6664 0.7437 -0.0527 -3000.8208 -0.1300 0.0463 -0.9904 233.7905
-0.7350 0.6673 0.1203 3247.9052 0.6656 0.7439 -0.0593 -2999.0809 -0.1291 0.0365 -0.9910 233.4634
-0.7352 0.6673 0.1191 3245.9628 0.6645 0.7442 -0.0673 -2997.3110 -0.1335 0.0297 -0.9906 233.1302
-0.7350 0.6670 0.1221 3243.9828 0.6634 0.7446 -0.0740 -2995.5204 -0.1403 0.0266 -0.9898 232.7773
-0.7367 0.6664 0.1147 3241.9867 0.6618 0.7454 -0.0800 -2993.7079 -0.1388 0.0170 -0.9902 232.4075
-0.7379 0.6658 0.1109 3240.0002 0.6592 0.7462 -0.0932 -2991.9083 -0.1448 0.0043 -0.9894 232.0565
-0.7389 0.6647 0.1100 3238.0567 0.6570 0.7471 -0.1008 -2990.1603 -0.1492 -0.0023 -0.9888 231.7053
-0.7400 0.6640 0.1074 3236.1583 0.6558 0.7477 -0.1039 -2988.4705 -0.1493 -0.0065 -0.9888 231.3516
-0.7416 0.6627 0.1046 3234.3256 0.6540 0.7488 -0.1074 -2986.8412 -0.1495 -0.0112 -0.9887 231.0122
-0.7432 0.6608 0.1053 3232.5814 0.6516 0.7505 -0.1106 -2985.2977 -0.1521 -0.0135 -0.9883 230.6979
-0.7454 0.6585 0.1036 3230.9379 0.6498 0.7524 -0.1078 -2983.8580 -0.1489 -0.0130 -0.9888 230.3993
-0.7475 0.6562 0.1037 3229.3959 0.6488 0.7546 -0.0982 -2982.5267 -0.1427 -0.0061 -0.9897 230.1254
-0.7494 0.6545 0.0999 3227.9774 0.6482 0.7560 -0.0908 -2981.3060 -0.1349 -0.0033 -0.9909 229.8837
-0.7508 0.6530 0.0994 3226.6837 0.6472 0.7574 -0.0865 -2980.1996 -0.1318 -0.0007 -0.9913 229.6795
-0.7525 0.6511 0.0984 3225.5314 0.6462 0.7589 -0.0805 -2979.2145 -0.1271 0.0030 -0.9919 229.5020
-0.7551 0.6485 0.0966 3224.5162 0.6430 0.7612 -0.0842 -2978.3401 -0.1281 -0.0014 -0.9918 229.3557
-0.7636 0.6391 0.0919 3223.6407 0.6342 0.7691 -0.0797 -2977.5908 -0.1216 -0.0025 -0.9926 229.2371
-0.7768 0.6242 0.0834 3222.8887 0.6205 0.7812 -0.0679 -2976.9663 -0.1075 -0.0010 -0.9942 229.1269
-0.7896 0.6092 0.0742 3222.2375 0.6066 0.7930 -0.0556 -2976.4524 -0.0928 0.0011 -0.9957 229.0336
-0.8026 0.5923 0.0705 3221.6683 0.5901 0.8057 -0.0513 -2976.0268 -0.0872 0.0005 -0.9962 228.9705
-0.8185 0.5707 0.0654 3221.1701 0.5688 0.8211 -0.0470 -2975.6729 -0.0805 -0.0013 -0.9968 228.9195
-0.8364 0.5445 0.0633 3220.7017 0.5430 0.8388 -0.0403 -2975.3669 -0.0750 0.0007 -0.9972 228.8744
-0.8580 0.5102 0.0597 3220.2227 0.5090 0.8601 -0.0348 -2975.0741 -0.0691 0.0006 -0.9976 228.8309
-0.8823 0.4669 0.0595 3219.7178 0.4657 0.8843 -0.0328 -2974.7886 -0.0680 -0.0012 -0.9977 228.7888
-0.9082 0.4143 0.0601 3219.1859 0.4132 0.9101 -0.0302 -2974.5267 -0.0672 -0.0025 -0.9977 228.7489
-0.9348 0.3496 0.0624 3218.6267 0.3488 0.9369 -0.0247 -2974.2969 -0.0671 -0.0013 -0.9977 228.7089
-0.9591 0.2763 0.0616 3218.0448 0.2760 0.9611 -0.0135 -2974.1114 -0.0629 0.0041 -0.9980 228.6695
-0.9788 0.1990 0.0486 3217.4515 0.1983 0.9800 -0.0187 -2973.9413 -0.0513 -0.0087 -0.9986 228.6383
-0.9923 0.1181 0.0367 3216.8275 0.1175 0.9929 -0.0188 -2973.8255 -0.0387 -0.0144 -0.9991 228.5973
-0.9992 0.0303 0.0249 3216.1540 0.0301 0.9995 -0.0100 -2973.7704 -0.0252 -0.0093 -0.9996 228.5382
-0.9980 -0.0596 0.0221 3215.4313 -0.0598 0.9982 -0.0095 -2973.7678 -0.0214 -0.0108 -0.9997 228.5104
-0.9885 -0.1499 0.0221 3214.6707 -0.1502 0.9886 -0.0106 -2973.8337 -0.0203 -0.0138 -0.9997 228.4919
-0.9715 -0.2354 0.0264 3213.8732 -0.2359 0.9716 -0.0171 -2973.9651 -0.0216 -0.0228 -0.9995 228.4836
-0.9493 -0.3130 0.0274 3213.0523 -0.3136 0.9494 -0.0177 -2974.1842 -0.0205 -0.0254 -0.9995 228.4625
-0.9244 -0.3806 0.0261 3212.2061 -0.3810 0.9245 -0.0150 -2974.4918 -0.0184 -0.0238 -0.9995 228.4383
-0.8996 -0.4358 0.0271 3211.3212 -0.4363 0.8997 -0.0149 -2974.8787 -0.0179 -0.0253 -0.9995 228.4188
-0.8772 -0.4793 0.0270 3210.3940 -0.4798 0.8772 -0.0177 -2975.3425 -0.0152 -0.0285 -0.9995 228.3955
-0.8549 -0.5182 0.0266 3209.4250 -0.5187 0.8548 -0.0186 -2975.8884 -0.0131 -0.0297 -0.9995 228.3732
-0.8303 -0.5567 0.0249 3208.4212 -0.5572 0.8301 -0.0212 -2976.5140 -0.0089 -0.0315 -0.9995 228.3459
-0.8049 -0.5927 0.0279 3207.3821 -0.5933 0.8047 -0.0219 -2977.2272 -0.0095 -0.0341 -0.9994 228.3290
-0.7798 -0.6254 0.0285 3206.3251 -0.6260 0.7796 -0.0196 -2978.0291 -0.0100 -0.0331 -0.9994 228.3107
-0.7559 -0.6540 0.0285 3205.2540 -0.6546 0.7558 -0.0182 -2978.9082 -0.0097 -0.0324 -0.9994 228.2926
-0.7346 -0.6779 0.0286 3204.1856 -0.6785 0.7345 -0.0153 -2979.8532 -0.0106 -0.0307 -0.9995 228.2751
-0.7176 -0.6959 0.0287 3203.1222 -0.6964 0.7176 -0.0126 -2980.8505 -0.0119 -0.0290 -0.9995 228.2566
-0.7072 -0.7066 0.0250 3202.0568 -0.7070 0.7072 -0.0089 -2981.9034 -0.0114 -0.0240 -0.9996 228.2375
-0.7022 -0.7115 0.0238 3200.9709 -0.7119 0.7022 -0.0100 -2982.9940 -0.0096 -0.0239 -0.9997 228.2141
-0.6991 -0.7146 0.0233 3199.8668 -0.7149 0.6992 -0.0071 -2984.1196 -0.0112 -0.0216 -0.9997 228.1969
-0.6966 -0.7172 0.0202 3198.7558 -0.7174 0.6966 -0.0090 -2985.2595 -0.0077 -0.0208 -0.9998 228.1780
-0.6939 -0.7198 0.0200 3197.6288 -0.7201 0.6938 -0.0099 -2986.4210 -0.0067 -0.0212 -0.9998 228.1577
-0.6907 -0.7227 0.0243 3196.4855 -0.7230 0.6908 -0.0068 -2987.6067 -0.0119 -0.0223 -0.9997 228.1497
-0.6877 -0.7257 0.0227 3195.3364 -0.7259 0.6877 -0.0064 -2988.8116 -0.0110 -0.0209 -0.9997 228.1292
-0.6868 -0.7265 0.0215 3194.1770 -0.7268 0.6868 -0.0079 -2990.0380 -0.0091 -0.0210 -0.9997 228.1078
-0.6894 -0.7240 0.0213 3192.9972 -0.7243 0.6895 -0.0074 -2991.2865 -0.0093 -0.0205 -0.9997 228.0919
-0.6950 -0.7186 0.0226 3191.7930 -0.7189 0.6950 -0.0091 -2992.5444 -0.0092 -0.0226 -0.9997 228.0755
-0.7002 -0.7135 0.0254 3190.5617 -0.7139 0.7002 -0.0104 -2993.8085 -0.0104 -0.0254 -0.9996 228.0583
-0.7040 -0.7098 0.0240 3189.3121 -0.7102 0.7039 -0.0116 -2995.0792 -0.0087 -0.0252 -0.9996 228.0404
-0.7064 -0.7074 0.0251 3188.0461 -0.7078 0.7064 -0.0104 -2996.3532 -0.0103 -0.0251 -0.9996 228.0211
-0.7088 -0.7051 0.0225 3186.7839 -0.7053 0.7088 -0.0088 -2997.6253 -0.0098 -0.0221 -0.9997 228.0094
-0.7103 -0.7036 0.0215 3185.5137 -0.7038 0.7103 -0.0107 -2998.8917 -0.0078 -0.0227 -0.9997 227.9905
-0.7097 -0.7041 0.0239 3184.2389 -0.7044 0.7098 -0.0077 -3000.1566 -0.0116 -0.0223 -0.9997 227.9837
-0.7080 -0.7058 0.0251 3182.9731 -0.7061 0.7081 -0.0061 -3001.4166 -0.0134 -0.0221 -0.9997 227.9656
-0.7062 -0.7076 0.0247 3181.7158 -0.7079 0.7063 -0.0073 -3002.6668 -0.0123 -0.0226 -0.9997 227.9479
-0.7046 -0.7092 0.0248 3180.4698 -0.7095 0.7046 -0.0076 -3003.9172 -0.0121 -0.0229 -0.9997 227.9325
-0.7023 -0.7115 0.0231 3179.2376 -0.7118 0.7024 -0.0074 -3005.1628 -0.0109 -0.0217 -0.9997 227.9188
-0.6990 -0.7148 0.0237 3178.0112 -0.7151 0.6990 -0.0074 -3006.4057 -0.0113 -0.0222 -0.9997 227.9057
-0.6926 -0.7209 0.0257 3176.7984 -0.7212 0.6927 -0.0076 -3007.6467 -0.0123 -0.0238 -0.9996 227.8957
-0.6820 -0.7308 0.0270 3175.6049 -0.7313 0.6820 -0.0127 -3008.8901 -0.0091 -0.0284 -0.9996 227.8807
-0.6646 -0.7465 0.0314 3174.4377 -0.7471 0.6646 -0.0141 -3010.1418 -0.0104 -0.0328 -0.9994 227.8682
-0.6423 -0.7656 0.0363 3173.3117 -0.7663 0.6424 -0.0115 -3011.4131 -0.0145 -0.0352 -0.9993 227.8600
-0.6191 -0.7844 0.0376 3172.2350 -0.7852 0.6192 -0.0098 -3012.7136 -0.0156 -0.0355 -0.9992 227.8461
-0.5974 -0.8011 0.0361 3171.2033 -0.8019 0.5974 -0.0109 -3014.0361 -0.0129 -0.0355 -0.9993 227.8263
-0.5833 -0.8119 0.0220 3170.2268 -0.8122 0.5833 -0.0073 -3015.3884 -0.0069 -0.0221 -0.9997 227.8067
-0.5811 -0.8136 0.0194 3169.2592 -0.8138 0.5811 -0.0048 -3016.7495 -0.0073 -0.0186 -0.9998 227.7926
-0.5906 -0.8069 0.0145 3168.3047 -0.8069 0.5907 0.0027 -3018.1087 -0.0108 -0.0101 -0.9999 227.7881
-0.6099 -0.7924 0.0114 3167.3258 -0.7924 0.6100 0.0002 -3019.4338 -0.0071 -0.0089 -0.9999 227.7693
-0.6354 -0.7720 0.0125 3166.3112 -0.7720 0.6355 0.0064 -3020.7390 -0.0129 -0.0056 -0.9999 227.7645
-0.6599 -0.7512 0.0138 3165.2559 -0.7511 0.6601 0.0110 -3022.0038 -0.0174 -0.0031 -0.9998 227.7540
-0.6838 -0.7296 0.0122 3164.1672 -0.7295 0.6839 0.0081 -3023.2241 -0.0143 -0.0034 -0.9999 227.7317
-0.7068 -0.7073 0.0100 3163.0404 -0.7073 0.7069 0.0061 -3024.4071 -0.0114 -0.0028 -0.9999 227.7086
-0.7269 -0.6866 0.0152 3161.8706 -0.6866 0.7270 0.0069 -3025.5525 -0.0158 -0.0054 -0.9999 227.6944
-0.7434 -0.6686 0.0187 3160.6713 -0.6687 0.7435 0.0061 -3026.6642 -0.0180 -0.0079 -0.9998 227.6777
-0.7548 -0.6558 0.0161 3159.4482 -0.6558 0.7549 0.0006 -3027.7506 -0.0126 -0.0101 -0.9999 227.6486
-0.7630 -0.6463 0.0151 3158.2048 -0.6463 0.7631 0.0020 -3028.8301 -0.0128 -0.0082 -0.9999 227.6251
-0.7700 -0.6379 0.0155 3156.9363 -0.6380 0.7701 0.0022 -3029.9009 -0.0133 -0.0082 -0.9999 227.6044
-0.7768 -0.6297 0.0132 3155.6537 -0.6297 0.7768 0.0027 -3030.9627 -0.0120 -0.0062 -0.9999 227.5801
-0.7835 -0.6213 0.0133 3154.3485 -0.6213 0.7836 0.0059 -3032.0211 -0.0141 -0.0036 -0.9999 227.5619
-0.7893 -0.6137 0.0166 3153.0211 -0.6137 0.7895 0.0073 -3033.0705 -0.0175 -0.0044 -0.9998 227.5419
-0.7935 -0.6083 0.0177 3151.6744 -0.6083 0.7937 0.0063 -3034.1157 -0.0179 -0.0058 -0.9998 227.5157
-0.7967 -0.6043 0.0112 3150.3175 -0.6044 0.7967 -0.0057 -3035.1487 -0.0055 -0.0113 -0.9999 227.4774
-0.7982 -0.6022 0.0134 3148.9435 -0.6023 0.7983 -0.0047 -3036.1952 -0.0079 -0.0118 -0.9999 227.4649
-0.7991 -0.6011 0.0148 3147.5554 -0.6012 0.7991 -0.0059 -3037.2463 -0.0083 -0.0136 -0.9999 227.4494
-0.7987 -0.6016 0.0163 3146.1584 -0.6017 0.7987 -0.0040 -3038.3067 -0.0106 -0.0130 -0.9999 227.4378
-0.7955 -0.6057 0.0186 3144.7561 -0.6058 0.7956 -0.0030 -3039.3729 -0.0130 -0.0137 -0.9998 227.4210
-0.7897 -0.6133 0.0177 3143.3521 -0.6134 0.7898 -0.0031 -3040.4498 -0.0121 -0.0133 -0.9998 227.3985
-0.7817 -0.6235 0.0145 3141.9504 -0.6236 0.7818 -0.0032 -3041.5546 -0.0093 -0.0115 -0.9999 227.3745
-0.7743 -0.6327 0.0083 3140.5366 -0.6327 0.7744 0.0009 -3042.7038 -0.0070 -0.0046 -1.0000 227.3498
-0.7689 -0.6394 0.0038 3139.0944 -0.6394 0.7689 -0.0012 -3043.8990 -0.0021 -0.0034 -1.0000 227.3276
-0.7648 -0.6442 0.0082 3137.6059 -0.6442 0.7648 -0.0039 -3045.1435 -0.0037 -0.0082 -1.0000 227.3060
-0.7604 -0.6494 0.0041 3136.0788 -0.6494 0.7604 -0.0086 -3046.4308 0.0025 -0.0092 -1.0000 227.2791
-0.7574 -0.6530 -0.0027 3134.5162 -0.6529 0.7573 -0.0096 -3047.7836 0.0083 -0.0055 -1.0000 227.2600
-0.7541 -0.6567 0.0007 3132.9060 -0.6567 0.7541 0.0007 -3049.1939 -0.0010 0.0001 -1.0000 227.2575
-0.7489 -0.6626 0.0100 3131.2662 -0.6626 0.7489 0.0003 -3050.6187 -0.0077 -0.0064 -0.9999 227.2611
-0.7432 -0.6688 0.0213 3129.6228 -0.6689 0.7433 -0.0012 -3052.0628 -0.0150 -0.0151 -0.9998 227.2566
-0.7388 -0.6737 0.0175 3128.0050 -0.6739 0.7388 -0.0019 -3053.5234 -0.0117 -0.0132 -0.9998 227.2353
-0.7372 -0.6756 0.0139 3126.3892 -0.6756 0.7373 0.0050 -3055.0115 -0.0137 -0.0057 -0.9999 227.2163
-0.7360 -0.6767 0.0168 3124.7723 -0.6766 0.7362 0.0113 -3056.5096 -0.0200 -0.0031 -0.9998 227.2006
-0.7342 -0.6786 0.0227 3123.1631 -0.6785 0.7345 0.0106 -3057.9984 -0.0238 -0.0077 -0.9997 227.1923
-0.7325 -0.6804 0.0222 3121.5600 -0.6805 0.7327 0.0027 -3059.4912 -0.0181 -0.0132 -0.9997 227.1894
-0.7307 -0.6822 0.0279 3119.9535 -0.6823 0.7310 0.0050 -3060.9892 -0.0238 -0.0154 -0.9996 227.1705
-0.7288 -0.6842 0.0288 3118.3603 -0.6843 0.7291 0.0040 -3062.4787 -0.0238 -0.0168 -0.9996 227.1380
-0.7272 -0.6858 0.0299 3116.7752 -0.6860 0.7276 0.0027 -3063.9709 -0.0236 -0.0186 -0.9995 227.0954
-0.7254 -0.6877 0.0290 3115.1987 -0.6880 0.7258 0.0024 -3065.4587 -0.0227 -0.0182 -0.9996 227.0516
-0.7229 -0.6904 0.0292 3113.6257 -0.6907 0.7232 0.0002 -3066.9464 -0.0213 -0.0200 -0.9996 227.0143
-0.7211 -0.6922 0.0290 3112.0690 -0.6924 0.7215 0.0031 -3068.4415 -0.0231 -0.0179 -0.9996 226.9788
-0.7197 -0.6936 0.0300 3110.5208 -0.6938 0.7202 0.0065 -3069.9377 -0.0261 -0.0161 -0.9995 226.9418
-0.7183 -0.6950 0.0310 3108.9755 -0.6952 0.7188 0.0064 -3071.4302 -0.0267 -0.0170 -0.9995 226.8981
-0.7197 -0.6937 0.0283 3107.4424 -0.6938 0.7201 0.0067 -3072.9239 -0.0250 -0.0148 -0.9996 226.8521
-0.7232 -0.6901 0.0269 3105.9073 -0.6900 0.7237 0.0124 -3074.4192 -0.0280 -0.0096 -0.9996 226.8117
-0.7271 -0.6859 0.0280 3104.3573 -0.6860 0.7276 0.0091 -3075.8946 -0.0266 -0.0126 -0.9996 226.7660
-0.7310 -0.6818 0.0284 3102.8064 -0.6819 0.7314 0.0079 -3077.3567 -0.0262 -0.0136 -0.9996 226.7178
-0.7345 -0.6779 0.0299 3101.2417 -0.6781 0.7350 0.0063 -3078.8084 -0.0263 -0.0157 -0.9995 226.6727
-0.7381 -0.6738 0.0341 3099.6621 -0.6740 0.7387 0.0074 -3080.2602 -0.0302 -0.0176 -0.9994 226.6290
-0.7418 -0.6698 0.0328 3098.0816 -0.6700 0.7423 0.0060 -3081.7027 -0.0284 -0.0176 -0.9994 226.5769
-0.7458 -0.6655 0.0285 3096.4992 -0.6657 0.7462 0.0043 -3083.1272 -0.0242 -0.0158 -0.9996 226.5225
-0.7499 -0.6608 0.0303 3094.9257 -0.6609 0.7504 0.0101 -3084.5299 -0.0295 -0.0125 -0.9995 226.4806
-0.7541 -0.6559 0.0329 3093.3762 -0.6559 0.7548 0.0126 -3085.8927 -0.0331 -0.0121 -0.9994 226.4340
-0.7584 -0.6508 0.0343 3091.8635 -0.6508 0.7591 0.0140 -3087.2102 -0.0352 -0.0117 -0.9993 226.3830
-0.7623 -0.6464 0.0333 3090.3900 -0.6464 0.7629 0.0120 -3088.4731 -0.0331 -0.0124 -0.9994 226.3297
-0.7658 -0.6422 0.0335 3088.9576 -0.6422 0.7664 0.0130 -3089.6873 -0.0340 -0.0116 -0.9994 226.2800
-0.7669 -0.6410 0.0310 3087.5709 -0.6410 0.7674 0.0118 -3090.8447 -0.0313 -0.0108 -0.9995 226.2273
-0.7668 -0.6411 0.0323 3086.2243 -0.6411 0.7674 0.0134 -3091.9626 -0.0333 -0.0104 -0.9994 226.1858
-0.7643 -0.6439 0.0363 3084.9317 -0.6438 0.7650 0.0149 -3093.0380 -0.0374 -0.0120 -0.9992 226.1477
-0.7605 -0.6481 0.0391 3083.7061 -0.6481 0.7614 0.0151 -3094.0687 -0.0396 -0.0139 -0.9991 226.1068
-0.7570 -0.6521 0.0414 3082.5490 -0.6523 0.7579 0.0115 -3095.0486 -0.0389 -0.0183 -0.9991 226.0618
-0.7542 -0.6554 0.0405 3081.4615 -0.6556 0.7550 0.0110 -3095.9882 -0.0378 -0.0183 -0.9991 226.0231
-0.7520 -0.6577 0.0433 3080.4342 -0.6581 0.7529 0.0056 -3096.8717 -0.0363 -0.0243 -0.9990 225.9854
-0.7561 -0.6532 0.0411 3079.4779 -0.6532 0.7570 0.0154 -3097.7229 -0.0412 -0.0152 -0.9990 225.9516
-0.7690 -0.6381 0.0371 3078.5709 -0.6376 0.7699 0.0268 -3098.5189 -0.0457 -0.0030 -0.9990 225.9119
-0.7911 -0.6106 0.0364 3077.6773 -0.6100 0.7919 0.0261 -3099.2501 -0.0447 -0.0016 -0.9990 225.8710
-0.8221 -0.5682 0.0349 3076.7687 -0.5676 0.8229 0.0278 -3099.9406 -0.0445 0.0030 -0.9990 225.8234
-0.8530 -0.5199 0.0444 3075.8132 -0.5186 0.8541 0.0379 -3100.5853 -0.0576 0.0093 -0.9983 225.7836
-0.8806 -0.4714 0.0477 3074.8232 -0.4702 0.8819 0.0344 -3101.1590 -0.0583 0.0079 -0.9983 225.7376
-0.9039 -0.4262 0.0368 3073.8136 -0.4254 0.9046 0.0272 -3101.6777 -0.0449 0.0090 -0.9990 225.6602
-0.9202 -0.3899 0.0337 3072.7765 -0.3889 0.9207 0.0316 -3102.1623 -0.0433 0.0160 -0.9989 225.6098
-0.9303 -0.3652 0.0359 3071.7150 -0.3642 0.9308 0.0310 -3102.5990 -0.0448 0.0157 -0.9989 225.5646
-0.9345 -0.3537 0.0395 3070.6426 -0.3526 0.9352 0.0313 -3103.0121 -0.0480 0.0153 -0.9987 225.5197
-0.9351 -0.3519 0.0412 3069.5655 -0.3510 0.9360 0.0266 -3103.4099 -0.0479 0.0104 -0.9988 225.4729
-0.9309 -0.3637 0.0334 3068.4991 -0.3629 0.9315 0.0255 -3103.8135 -0.0404 0.0116 -0.9991 225.4199
-0.9222 -0.3858 0.0277 3067.4236 -0.3853 0.9226 0.0211 -3104.2346 -0.0337 0.0088 -0.9994 225.3632
-0.9091 -0.4154 0.0331 3066.3332 -0.4149 0.9096 0.0204 -3104.6933 -0.0385 0.0048 -0.9992 225.3257
-0.8904 -0.4541 0.0309 3065.2530 -0.4535 0.8909 0.0231 -3105.2048 -0.0380 0.0065 -0.9993 225.2879
-0.8650 -0.5009 0.0295 3064.1807 -0.5004 0.8655 0.0217 -3105.7703 -0.0364 0.0040 -0.9993 225.2361
-0.8364 -0.5470 0.0353 3063.1112 -0.5463 0.8371 0.0274 -3106.4145 -0.0445 0.0036 -0.9990 225.1920
-0.8050 -0.5921 0.0379 3062.0621 -0.5909 0.8059 0.0382 -3107.1357 -0.0532 0.0083 -0.9985 225.1403
-0.7748 -0.6306 0.0442 3061.0292 -0.6290 0.7761 0.0458 -3107.9253 -0.0631 0.0077 -0.9980 225.0749
-0.7521 -0.6572 0.0500 3060.0220 -0.6555 0.7537 0.0473 -3108.7620 -0.0688 0.0027 -0.9976 225.0029
-0.7369 -0.6742 0.0503 3059.0666 -0.6724 0.7386 0.0490 -3109.6098 -0.0702 0.0023 -0.9975 224.9237
-0.7254 -0.6875 0.0338 3058.1800 -0.6865 0.7262 0.0363 -3110.4352 -0.0495 0.0032 -0.9988 224.8490
-0.7136 -0.6994 0.0396 3057.3276 -0.6989 0.7147 0.0269 -3111.2302 -0.0471 -0.0085 -0.9989 224.7717
-0.7043 -0.7087 0.0407 3056.5563 -0.7070 0.7055 0.0494 -3112.0271 -0.0637 0.0060 -0.9979 224.7487
-0.7000 -0.7132 0.0365 3055.8521 -0.7118 0.7009 0.0448 -3112.7417 -0.0576 0.0054 -0.9983 224.6955
-0.6962 -0.7168 0.0381 3055.2024 -0.7158 0.6973 0.0375 -3113.3886 -0.0534 -0.0012 -0.9986 224.6446
-0.6930 -0.7198 0.0391 3054.6272 -0.7188 0.6942 0.0391 -3113.9821 -0.0553 -0.0010 -0.9985 224.6074
-0.6899 -0.7227 0.0420 3054.1239 -0.7215 0.6912 0.0402 -3114.5010 -0.0581 -0.0026 -0.9983 224.5821
-0.6873 -0.7251 0.0420 3053.6982 -0.7239 0.6886 0.0428 -3114.9492 -0.0600 -0.0010 -0.9982 224.5533
-0.6852 -0.7270 0.0445 3053.3451 -0.7258 0.6866 0.0432 -3115.3187 -0.0620 -0.0027 -0.9981 224.5303
-0.6806 -0.7314 0.0431 3052.5852 -0.7301 0.6820 0.0430 -3116.1319 -0.0608 -0.0022 -0.9981 224.4725
-0.6664 -0.7444 0.0424 3052.1405 -0.7437 0.6677 0.0343 -3116.5886 -0.0539 -0.0086 -0.9985 224.4358
-0.6545 -0.7550 0.0410 3052.0121 -0.7544 0.6557 0.0321 -3116.7326 -0.0511 -0.0099 -0.9986 224.4217
-0.6379 -0.7691 0.0396 3051.8394 -0.7686 0.6390 0.0302 -3116.9332 -0.0485 -0.0112 -0.9988 224.4053
-0.6176 -0.7854 0.0405 3051.6187 -0.7851 0.6188 0.0274 -3117.1963 -0.0466 -0.0148 -0.9988 224.3853
-0.5951 -0.8026 0.0404 3051.3608 -0.8023 0.5963 0.0279 -3117.5304 -0.0465 -0.0159 -0.9988 224.3627
-0.5728 -0.8187 0.0410 3051.0715 -0.8183 0.5741 0.0305 -3117.9320 -0.0485 -0.0161 -0.9987 224.3364
-0.5533 -0.8318 0.0445 3050.7438 -0.8314 0.5547 0.0314 -3118.3996 -0.0508 -0.0196 -0.9985 224.3082
-0.5364 -0.8427 0.0468 3050.3755 -0.8424 0.5380 0.0316 -3118.9532 -0.0518 -0.0225 -0.9984 224.2710
-0.5273 -0.8483 0.0472 3049.9589 -0.8478 0.5291 0.0369 -3119.6191 -0.0563 -0.0206 -0.9982 224.2285
-0.5279 -0.8476 0.0535 3049.4779 -0.8473 0.5299 0.0353 -3120.3804 -0.0583 -0.0267 -0.9979 224.1795
-0.5346 -0.8430 0.0599 3048.9293 -0.8432 0.5368 0.0294 -3121.2274 -0.0569 -0.0348 -0.9978 224.1131
-0.5472 -0.8355 0.0504 3048.3379 -0.8353 0.5489 0.0296 -3122.1646 -0.0524 -0.0259 -0.9983 224.0370
-0.5641 -0.8242 0.0503 3047.6687 -0.8244 0.5656 0.0223 -3123.1558 -0.0468 -0.0288 -0.9985 223.9666
-0.5832 -0.8109 0.0477 3046.9295 -0.8114 0.5843 0.0137 -3124.2020 -0.0389 -0.0307 -0.9988 223.8875
-0.6032 -0.7967 0.0377 3046.1317 -0.7966 0.6041 0.0206 -3125.3161 -0.0392 -0.0176 -0.9991 223.8210
-0.6227 -0.7816 0.0353 3045.2537 -0.7814 0.6236 0.0230 -3126.4616 -0.0400 -0.0132 -0.9991 223.7557
-0.6431 -0.7649 0.0368 3044.3150 -0.7645 0.6440 0.0266 -3127.6272 -0.0440 -0.0111 -0.9990 223.6901
-0.6615 -0.7488 0.0416 3043.3213 -0.7483 0.6627 0.0297 -3128.7917 -0.0498 -0.0115 -0.9987 223.6241
-0.6719 -0.7393 0.0454 3042.2871 -0.7390 0.6732 0.0264 -3129.9389 -0.0500 -0.0158 -0.9986 223.5498
-0.6744 -0.7369 0.0459 3041.2218 -0.7369 0.6757 0.0195 -3131.0948 -0.0454 -0.0207 -0.9988 223.4636
-0.6723 -0.7386 0.0501 3040.1397 -0.7386 0.6738 0.0226 -3132.2713 -0.0504 -0.0218 -0.9985 223.3923
-0.6687 -0.7416 0.0532 3039.0535 -0.7416 0.6704 0.0226 -3133.4622 -0.0524 -0.0244 -0.9983 223.3149
-0.6657 -0.7445 0.0507 3037.9722 -0.7445 0.6672 0.0215 -3134.6681 -0.0498 -0.0235 -0.9985 223.2317
-0.6627 -0.7473 0.0486 3036.8964 -0.7473 0.6641 0.0225 -3135.8867 -0.0491 -0.0214 -0.9986 223.1506
-0.6594 -0.7496 0.0566 3035.8261 -0.7495 0.6614 0.0283 -3137.0985 -0.0586 -0.0237 -0.9980 223.0813
-0.6565 -0.7525 0.0525 3034.7995 -0.7523 0.6582 0.0275 -3138.2781 -0.0553 -0.0214 -0.9982 222.9994
-0.6537 -0.7550 0.0516 3033.8133 -0.7549 0.6554 0.0247 -3139.4090 -0.0524 -0.0228 -0.9984 222.9182
-0.6515 -0.7569 0.0520 3032.8803 -0.7566 0.6532 0.0288 -3140.4931 -0.0557 -0.0206 -0.9982 222.8597
-0.6487 -0.7593 0.0516 3031.9992 -0.7590 0.6505 0.0283 -3141.5183 -0.0550 -0.0208 -0.9983 222.7928
-0.6453 -0.7622 0.0507 3031.1691 -0.7619 0.6470 0.0294 -3142.4973 -0.0552 -0.0197 -0.9983 222.7324
-0.6414 -0.7659 0.0452 3030.3804 -0.7654 0.6428 0.0309 -3143.4406 -0.0527 -0.0148 -0.9985 222.6714
-0.6368 -0.7701 0.0382 3029.6139 -0.7694 0.6379 0.0338 -3144.3778 -0.0504 -0.0079 -0.9987 222.6128
-0.6314 -0.7746 0.0366 3028.8420 -0.7738 0.6325 0.0347 -3145.3154 -0.0500 -0.0064 -0.9987 222.5531
-0.6257 -0.7794 0.0323 3028.0793 -0.7785 0.6265 0.0377 -3146.2664 -0.0497 -0.0016 -0.9988 222.4993
-0.6218 -0.7827 0.0288 3027.3147 -0.7817 0.6225 0.0379 -3147.2228 -0.0476 0.0011 -0.9989 222.4380
-0.6192 -0.7846 0.0322 3026.5464 -0.7837 0.6200 0.0383 -3148.1869 -0.0500 -0.0015 -0.9987 222.3814
-0.6159 -0.7870 0.0362 3025.7805 -0.7858 0.6170 0.0425 -3149.1604 -0.0558 -0.0023 -0.9984 222.3269
-0.6126 -0.7893 0.0408 3025.0130 -0.7882 0.6139 0.0437 -3150.1366 -0.0595 -0.0054 -0.9982 222.2664
-0.6095 -0.7918 0.0403 3024.2544 -0.7902 0.6108 0.0499 -3151.1267 -0.0641 -0.0014 -0.9979 222.1966
-0.6073 -0.7936 0.0378 3023.4936 -0.7923 0.6085 0.0458 -3152.1122 -0.0593 -0.0021 -0.9982 222.1251
-0.6059 -0.7951 0.0266 3022.7443 -0.7940 0.6065 0.0424 -3153.1089 -0.0499 0.0046 -0.9987 222.0441
-0.6042 -0.7964 0.0260 3021.9996 -0.7954 0.6047 0.0419 -3154.0932 -0.0491 0.0047 -0.9988 221.9841
-0.6015 -0.7984 0.0254 3021.2852 -0.7974 0.6021 0.0404 -3155.0365 -0.0476 0.0041 -0.9989 221.9351
-0.6011 -0.7989 0.0208 3020.6224 -0.7979 0.6014 0.0399 -3155.9315 -0.0444 0.0074 -0.9990 221.8844
-0.6005 -0.7992 0.0254 3019.9941 -0.7984 0.6011 0.0353 -3156.7524 -0.0435 0.0009 -0.9991 221.8463
-0.6000 -0.7995 0.0285 3019.4209 -0.7988 0.6007 0.0337 -3157.5085 -0.0441 -0.0025 -0.9990 221.8153
-0.5990 -0.8002 0.0310 3018.9091 -0.7996 0.5997 0.0300 -3158.1822 -0.0426 -0.0068 -0.9991 221.7855
-0.5951 -0.8027 0.0384 3018.4600 -0.8025 0.5961 0.0238 -3158.7599 -0.0420 -0.0167 -0.9990 221.7627
