-0.1705 -0.9845 -0.0415 -0.0426 0.9833 -0.1727 0.0573 0.1423 -0.0635 -0.0311 0.9975 -0.0040
-0.1724 -0.9842 -0.0410 -0.3252 0.9829 -0.1746 0.0590 1.7863 -0.0652 -0.0302 0.9974 -0.0850
-0.1736 -0.9840 -0.0411 -0.4052 0.9826 -0.1759 0.0594 2.2149 -0.0657 -0.0300 0.9974 -0.1088
-0.1751 -0.9837 -0.0405 -0.4768 0.9823 -0.1773 0.0598 2.6460 -0.0660 -0.0293 0.9974 -0.1305
-0.1773 -0.9834 -0.0383 -0.5567 0.9819 -0.1794 0.0606 3.1804 -0.0665 -0.0269 0.9974 -0.1554
-0.1812 -0.9826 -0.0397 -0.7011 0.9811 -0.1834 0.0613 3.7497 -0.0675 -0.0278 0.9973 -0.1863
-0.1865 -0.9818 -0.0353 -0.8085 0.9803 -0.1884 0.0600 4.3327 -0.0655 -0.0234 0.9976 -0.2180
-0.1924 -0.9806 -0.0373 -0.9612 0.9791 -0.1944 0.0602 4.9929 -0.0663 -0.0249 0.9975 -0.2557
-0.2018 -0.9787 -0.0388 -1.1285 0.9772 -0.2039 0.0597 5.6833 -0.0664 -0.0259 0.9975 -0.3038
-0.2068 -0.9777 -0.0362 -1.2796 0.9763 -0.2086 0.0577 6.4438 -0.0640 -0.0234 0.9977 -0.3507
-0.2078 -0.9777 -0.0298 -1.4362 0.9761 -0.2092 0.0584 7.2565 -0.0634 -0.0170 0.9978 -0.3837
-0.2062 -0.9779 -0.0344 -1.6413 0.9766 -0.2079 0.0550 8.0765 -0.0609 -0.0223 0.9979 -0.4295
-0.2057 -0.9780 -0.0349 -1.8520 0.9766 -0.2075 0.0562 8.9952 -0.0622 -0.0225 0.9978 -0.4928
-0.2065 -0.9780 -0.0291 -2.0328 0.9763 -0.2079 0.0598 9.9744 -0.0645 -0.0161 0.9978 -0.5304
-0.2050 -0.9782 -0.0324 -2.2582 0.9765 -0.2067 0.0603 10.9659 -0.0657 -0.0193 0.9977 -0.5717
-0.2040 -0.9784 -0.0332 -2.5004 0.9766 -0.2058 0.0626 12.0359 -0.0681 -0.0197 0.9975 -0.6387
-0.2044 -0.9782 -0.0352 -2.7507 0.9763 -0.2064 0.0649 13.1687 -0.0708 -0.0211 0.9973 -0.6853
-0.2046 -0.9782 -0.0355 -2.9972 0.9764 -0.2065 0.0637 14.2701 -0.0697 -0.0216 0.9973 -0.7648
-0.2074 -0.9776 -0.0347 -3.2522 0.9759 -0.2092 0.0618 15.4772 -0.0677 -0.0211 0.9975 -0.8335
-0.2095 -0.9770 -0.0398 -3.5492 0.9753 -0.2117 0.0624 16.7214 -0.0694 -0.0258 0.9973 -0.9036
-0.2120 -0.9765 -0.0386 -3.8379 0.9748 -0.2141 0.0620 18.0144 -0.0688 -0.0245 0.9973 -0.9842
-0.2140 -0.9764 -0.0279 -4.1079 0.9752 -0.2152 0.0522 19.3514 -0.0570 -0.0161 0.9982 -1.0573
-0.2174 -0.9756 -0.0297 -4.4370 0.9744 -0.2187 0.0526 20.7180 -0.0578 -0.0175 0.9982 -1.1270
-0.2217 -0.9748 -0.0248 -4.7508 0.9728 -0.2228 0.0640 22.2087 -0.0679 -0.0099 0.9976 -1.2123
-0.2247 -0.9740 -0.0289 -5.0959 0.9720 -0.2261 0.0635 23.6544 -0.0684 -0.0138 0.9976 -1.2650
-0.2279 -0.9731 -0.0337 -5.4664 0.9710 -0.2297 0.0659 25.1551 -0.0719 -0.0177 0.9973 -1.3620
-0.2321 -0.9721 -0.0332 -5.8401 0.9700 -0.2339 0.0661 26.7041 -0.0720 -0.0169 0.9973 -1.4544
-0.2362 -0.9713 -0.0291 -6.2368 0.9694 -0.2376 0.0622 28.2807 -0.0673 -0.0136 0.9976 -1.5626
-0.2409 -0.9702 -0.0250 -6.6138 0.9683 -0.2421 0.0615 29.9013 -0.0658 -0.0094 0.9978 -1.6411
-0.2452 -0.9692 -0.0224 -7.0407 0.9671 -0.2462 0.0643 31.5337 -0.0678 -0.0059 0.9977 -1.7355
-0.2486 -0.9683 -0.0229 -7.4656 0.9662 -0.2496 0.0644 33.2004 -0.0681 -0.0061 0.9977 -1.8165
-0.2476 -0.9687 -0.0197 -7.9108 0.9671 -0.2483 0.0558 34.8820 -0.0590 -0.0052 0.9982 -1.8951
-0.2473 -0.9687 -0.0213 -8.3730 0.9674 -0.2481 0.0510 36.5759 -0.0547 -0.0080 0.9985 -1.9786
-0.2435 -0.9696 -0.0232 -8.8156 0.9682 -0.2444 0.0531 38.2746 -0.0572 -0.0095 0.9983 -2.0445
-0.2389 -0.9706 -0.0296 -9.2460 0.9690 -0.2403 0.0575 39.9146 -0.0629 -0.0149 0.9979 -2.1083
-0.2359 -0.9713 -0.0300 -9.6492 0.9699 -0.2372 0.0550 41.5143 -0.0606 -0.0162 0.9980 -2.1651
-0.2312 -0.9723 -0.0333 -10.0512 0.9713 -0.2326 0.0494 43.0258 -0.0558 -0.0209 0.9982 -2.2344
-0.2304 -0.9724 -0.0371 -10.4110 0.9711 -0.2322 0.0550 44.4861 -0.0621 -0.0234 0.9978 -2.2992
-0.2328 -0.9720 -0.0331 -10.7423 0.9707 -0.2343 0.0528 45.8627 -0.0591 -0.0198 0.9981 -2.3527
-0.2400 -0.9701 -0.0360 -11.0743 0.9693 -0.2415 0.0453 47.1544 -0.0527 -0.0240 0.9983 -2.4051
-0.2530 -0.9669 -0.0346 -11.4138 0.9662 -0.2543 0.0430 48.3721 -0.0503 -0.0225 0.9985 -2.4576
-0.2760 -0.9607 -0.0306 -11.7600 0.9602 -0.2770 0.0354 49.5159 -0.0425 -0.0196 0.9989 -2.4835
-0.3083 -0.9509 -0.0284 -12.0844 0.9506 -0.3091 0.0286 50.5429 -0.0359 -0.0182 0.9992 -2.5125
-0.3577 -0.9334 -0.0275 -12.4893 0.9330 -0.3585 0.0324 51.5140 -0.0401 -0.0140 0.9991 -2.5302
-0.4206 -0.9068 -0.0285 -12.9246 0.9062 -0.4214 0.0336 52.3867 -0.0425 -0.0117 0.9990 -2.5427
-0.4929 -0.8696 -0.0290 -13.4130 0.8692 -0.4936 0.0285 53.1786 -0.0391 -0.0111 0.9992 -2.5722
-0.5701 -0.8209 -0.0336 -13.9900 0.8205 -0.5710 0.0274 53.9618 -0.0417 -0.0119 0.9991 -2.5990
-0.6482 -0.7605 -0.0380 -14.6594 0.7602 -0.6492 0.0249 54.6674 -0.0436 -0.0128 0.9990 -2.6264
-0.7244 -0.6883 -0.0400 -15.3888 0.6879 -0.7254 0.0241 55.3139 -0.0456 -0.0101 0.9989 -2.6589
-0.7938 -0.6070 -0.0391 -16.1669 0.6066 -0.7947 0.0211 55.8753 -0.0439 -0.0070 0.9990 -2.6905
-0.8551 -0.5172 -0.0368 -17.0357 0.5170 -0.8558 0.0157 56.3620 -0.0396 -0.0056 0.9992 -2.7128
-0.9061 -0.4219 -0.0319 -17.9066 0.4219 -0.9066 0.0068 56.7639 -0.0318 -0.0073 0.9995 -2.7451
-0.9469 -0.3201 -0.0311 -18.8424 0.3200 -0.9474 0.0054 57.0639 -0.0312 -0.0048 0.9995 -2.7636
-0.9759 -0.2157 -0.0344 -19.8262 0.2156 -0.9765 0.0066 57.2679 -0.0350 -0.0010 0.9994 -2.7898
-0.9930 -0.1118 -0.0386 -20.8373 0.1116 -0.9937 0.0089 57.3390 -0.0393 0.0045 0.9992 -2.8060
-0.9993 -0.0127 -0.0340 -21.8283 0.0125 -0.9999 0.0065 57.3297 -0.0341 0.0061 0.9994 -2.8165
-0.9962 0.0823 -0.0271 -22.8207 -0.0824 -0.9966 0.0035 57.2419 -0.0267 0.0057 0.9996 -2.8455
-0.9852 0.1691 -0.0270 -23.8268 -0.1691 -0.9856 -0.0027 57.0352 -0.0270 0.0019 0.9996 -2.8702
-0.9684 0.2469 -0.0362 -24.8198 -0.2464 -0.9690 -0.0162 56.7551 -0.0391 -0.0068 0.9992 -2.8779
-0.9485 0.3142 -0.0401 -25.7820 -0.3135 -0.9493 -0.0237 56.4100 -0.0455 -0.0099 0.9989 -2.9059
-0.9284 0.3697 -0.0375 -26.7201 -0.3689 -0.9291 -0.0255 56.0175 -0.0443 -0.0099 0.9990 -2.9317
-0.9094 0.4149 -0.0294 -27.6174 -0.4141 -0.9098 -0.0292 55.5838 -0.0389 -0.0144 0.9991 -2.9698
-0.8929 0.4496 -0.0248 -28.5313 -0.4488 -0.8931 -0.0315 55.1143 -0.0363 -0.0170 0.9992 -2.9968
-0.8789 0.4764 -0.0252 -29.4422 -0.4756 -0.8791 -0.0323 54.6070 -0.0375 -0.0164 0.9992 -3.0213
-0.8675 0.4969 -0.0227 -30.3186 -0.4962 -0.8676 -0.0321 54.0883 -0.0356 -0.0166 0.9992 -3.0442
-0.8600 0.5100 -0.0176 -31.2118 -0.5092 -0.8599 -0.0340 53.5430 -0.0325 -0.0203 0.9993 -3.0658
-0.8556 0.5175 -0.0145 -32.0960 -0.5167 -0.8554 -0.0367 52.9844 -0.0314 -0.0239 0.9992 -3.0944
-0.8534 0.5209 -0.0173 -33.0136 -0.5200 -0.8533 -0.0390 52.4273 -0.0351 -0.0243 0.9991 -3.1150
-0.8523 0.5229 -0.0163 -33.9200 -0.5219 -0.8520 -0.0412 51.8464 -0.0355 -0.0266 0.9990 -3.1318
-0.8523 0.5230 -0.0036 -34.8064 -0.5224 -0.8516 -0.0434 51.2824 -0.0258 -0.0351 0.9991 -3.1545
-0.8523 0.5230 0.0042 -35.7268 -0.5227 -0.8515 -0.0405 50.7150 -0.0176 -0.0367 0.9992 -3.1718
-0.8525 0.5226 0.0103 -36.6424 -0.5224 -0.8512 -0.0500 50.1348 -0.0174 -0.0480 0.9987 -3.1738
-0.8529 0.5221 0.0072 -37.5731 -0.5217 -0.8515 -0.0530 49.5553 -0.0215 -0.0489 0.9986 -3.1880
-0.8529 0.5221 0.0042 -38.5132 -0.5217 -0.8518 -0.0484 48.9850 -0.0216 -0.0435 0.9988 -3.1905
-0.8533 0.5214 0.0042 -39.4435 -0.5209 -0.8520 -0.0522 48.4040 -0.0237 -0.0468 0.9986 -3.2022
-0.8529 0.5220 -0.0010 -40.3901 -0.5214 -0.8519 -0.0489 47.8230 -0.0264 -0.0412 0.9988 -3.2262
-0.8529 0.5220 -0.0019 -41.3373 -0.5215 -0.8521 -0.0440 47.2449 -0.0245 -0.0365 0.9990 -3.2279
-0.8530 0.5219 0.0061 -42.2718 -0.5216 -0.8519 -0.0480 46.6478 -0.0199 -0.0441 0.9988 -3.2404
-0.8532 0.5215 0.0003 -43.2394 -0.5209 -0.8522 -0.0491 46.0644 -0.0253 -0.0420 0.9988 -3.2655
-0.8542 0.5199 -0.0028 -44.2200 -0.5191 -0.8531 -0.0520 45.4454 -0.0294 -0.0430 0.9986 -3.2666
-0.8546 0.5192 0.0040 -45.1621 -0.5188 -0.8535 -0.0500 44.8569 -0.0225 -0.0448 0.9987 -3.2934
-0.8545 0.5194 0.0106 -46.1339 -0.5194 -0.8536 -0.0397 44.2658 -0.0115 -0.0394 0.9992 -3.3116
-0.8551 0.5182 0.0161 -47.1119 -0.5184 -0.8542 -0.0410 43.6511 -0.0075 -0.0434 0.9990 -3.3076
-0.8553 0.5179 0.0157 -48.1148 -0.5180 -0.8544 -0.0400 43.0438 -0.0073 -0.0423 0.9991 -3.3024
-0.8557 0.5173 0.0154 -49.1139 -0.5174 -0.8548 -0.0391 42.4318 -0.0071 -0.0414 0.9991 -3.2991
-0.8556 0.5175 0.0137 -50.1284 -0.5176 -0.8548 -0.0386 41.8169 -0.0083 -0.0402 0.9992 -3.2975
-0.8557 0.5173 0.0145 -51.1539 -0.5174 -0.8550 -0.0357 41.1944 -0.0060 -0.0381 0.9993 -3.2903
-0.8558 0.5171 0.0159 -52.1832 -0.5173 -0.8551 -0.0332 40.5705 -0.0035 -0.0367 0.9993 -3.2875
-0.8559 0.5170 0.0157 -53.2202 -0.5172 -0.8553 -0.0305 39.9391 -0.0023 -0.0342 0.9994 -3.2723
-0.8560 0.5167 0.0139 -54.2795 -0.5169 -0.8555 -0.0296 39.3047 -0.0034 -0.0325 0.9995 -3.2616
-0.8562 0.5166 0.0107 -55.3513 -0.5167 -0.8556 -0.0313 38.6456 -0.0070 -0.0323 0.9995 -3.2565
-0.8565 0.5161 0.0074 -56.4422 -0.5161 -0.8560 -0.0290 37.9851 -0.0086 -0.0287 0.9996 -3.2546
-0.8558 0.5172 0.0083 -57.5282 -0.5173 -0.8555 -0.0250 37.3412 -0.0058 -0.0257 0.9997 -3.2438
-0.8549 0.5188 0.0059 -58.6431 -0.5188 -0.8546 -0.0224 36.6597 -0.0065 -0.0222 0.9997 -3.2386
-0.8523 0.5231 0.0010 -59.7362 -0.5229 -0.8521 -0.0220 35.9879 -0.0106 -0.0193 0.9998 -3.2388
-0.8492 0.5280 -0.0020 -60.8708 -0.5279 -0.8491 -0.0175 35.2809 -0.0110 -0.0138 0.9998 -3.2393
-0.8414 0.5404 -0.0034 -61.9785 -0.5403 -0.8414 -0.0116 34.5869 -0.0091 -0.0079 0.9999 -3.2428
-0.8294 0.5587 -0.0017 -63.0959 -0.5587 -0.8293 -0.0096 33.8321 -0.0068 -0.0070 1.0000 -3.2393
-0.8130 0.5823 0.0001 -64.1997 -0.5823 -0.8129 -0.0087 33.0483 -0.0050 -0.0071 1.0000 -3.2329
-0.7918 0.6108 0.0007 -65.2651 -0.6108 -0.7918 -0.0082 32.2293 -0.0045 -0.0070 1.0000 -3.2216
-0.7680 0.6404 0.0020 -66.3145 -0.6404 -0.7680 -0.0088 31.3486 -0.0041 -0.0081 1.0000 -3.2067
-0.7432 0.6690 0.0025 -67.3253 -0.6690 -0.7432 -0.0112 30.4395 -0.0056 -0.0100 0.9999 -3.2006
-0.7179 0.6962 0.0021 -68.2994 -0.6961 -0.7178 -0.0120 29.4828 -0.0068 -0.0101 0.9999 -3.1971
-0.6946 0.7194 0.0044 -69.2384 -0.7193 -0.6945 -0.0123 28.5018 -0.0058 -0.0117 0.9999 -3.1885
-0.6769 0.7361 0.0095 -70.1576 -0.7361 -0.6767 -0.0144 27.4728 -0.0042 -0.0167 0.9999 -3.1811
-0.6653 0.7464 0.0150 -71.0711 -0.7466 -0.6650 -0.0203 26.4161 -0.0052 -0.0247 0.9997 -3.1762
-0.6587 0.7523 0.0155 -71.9923 -0.7524 -0.6583 -0.0229 25.3425 -0.0070 -0.0267 0.9996 -3.1711
-0.6546 0.7557 0.0190 -72.8956 -0.7560 -0.6542 -0.0239 24.2839 -0.0057 -0.0300 0.9995 -3.1629
-0.6508 0.7589 0.0247 -73.8264 -0.7592 -0.6501 -0.0310 23.1697 -0.0074 -0.0389 0.9992 -3.1616
-0.6489 0.7605 0.0252 -74.7418 -0.7609 -0.6481 -0.0325 22.0687 -0.0084 -0.0403 0.9992 -3.1543
-0.6488 0.7603 0.0312 -75.6761 -0.7609 -0.6478 -0.0387 20.9387 -0.0093 -0.0488 0.9988 -3.1550
-0.6531 0.7566 0.0326 -76.6231 -0.7571 -0.6515 -0.0475 19.8169 -0.0147 -0.0557 0.9983 -3.1560
-0.6633 0.7475 0.0361 -77.5579 -0.7482 -0.6612 -0.0555 18.7001 -0.0177 -0.0638 0.9978 -3.1614
-0.6754 0.7367 0.0339 -78.5250 -0.7372 -0.6733 -0.0563 17.6030 -0.0187 -0.0630 0.9978 -3.1756
-0.6902 0.7225 0.0404 -79.5025 -0.7234 -0.6877 -0.0607 16.5207 -0.0161 -0.0711 0.9973 -3.1825
-0.7032 0.7099 0.0394 -80.4928 -0.7108 -0.7005 -0.0640 15.4777 -0.0178 -0.0730 0.9972 -3.2014
-0.7162 0.6972 0.0323 -81.5219 -0.6975 -0.7133 -0.0682 14.4682 -0.0245 -0.0714 0.9971 -3.2060
-0.7271 0.6858 0.0305 -82.5453 -0.6861 -0.7246 -0.0653 13.4919 -0.0227 -0.0684 0.9974 -3.2166
-0.7343 0.6782 0.0281 -83.5877 -0.6785 -0.7323 -0.0580 12.5334 -0.0188 -0.0617 0.9979 -3.2238
-0.7380 0.6743 0.0246 -84.6101 -0.6745 -0.7361 -0.0565 11.5949 -0.0200 -0.0583 0.9981 -3.2294
-0.7382 0.6742 0.0224 -85.6217 -0.6743 -0.7363 -0.0567 10.6635 -0.0217 -0.0570 0.9981 -3.2446
-0.7349 0.6780 0.0187 -86.6219 -0.6779 -0.7333 -0.0520 9.7424 -0.0215 -0.0509 0.9985 -3.2506
-0.7295 0.6838 0.0184 -87.6144 -0.6837 -0.7282 -0.0481 8.8190 -0.0195 -0.0476 0.9987 -3.2612
-0.7222 0.6914 0.0179 -88.5934 -0.6914 -0.7211 -0.0446 7.8822 -0.0179 -0.0446 0.9988 -3.2780
-0.7133 0.7006 0.0180 -89.5595 -0.7007 -0.7123 -0.0404 6.9286 -0.0155 -0.0414 0.9990 -3.2752
-0.7046 0.7094 0.0202 -90.5218 -0.7095 -0.7037 -0.0363 5.9470 -0.0116 -0.0399 0.9991 -3.2842
-0.6963 0.7174 0.0217 -91.4726 -0.7177 -0.6955 -0.0352 4.9353 -0.0101 -0.0401 0.9991 -3.2833
-0.6877 0.7255 0.0268 -92.4134 -0.7260 -0.6870 -0.0313 3.9255 -0.0043 -0.0410 0.9991 -3.2716
-0.6808 0.7321 0.0235 -93.3899 -0.7325 -0.6800 -0.0331 2.8782 -0.0082 -0.0397 0.9992 -3.2841
-0.6736 0.7388 0.0206 -94.3466 -0.7390 -0.6727 -0.0367 1.8184 -0.0132 -0.0400 0.9991 -3.2745
-0.6639 0.7475 0.0233 -95.3134 -0.7478 -0.6631 -0.0330 0.7291 -0.0092 -0.0393 0.9992 -3.2925
-0.6509 0.7588 0.0203 -96.2851 -0.7590 -0.6501 -0.0351 -0.4054 -0.0134 -0.0383 0.9992 -3.2953
-0.6382 0.7696 0.0196 -97.2315 -0.7697 -0.6374 -0.0367 -1.5782 -0.0158 -0.0385 0.9991 -3.2990
-0.6259 0.7797 0.0199 -98.1940 -0.7798 -0.6250 -0.0375 -2.7943 -0.0168 -0.0390 0.9991 -3.3071
-0.6149 0.7884 0.0193 -99.1614 -0.7884 -0.6139 -0.0393 -4.0343 -0.0192 -0.0394 0.9990 -3.3279
-0.6046 0.7962 0.0230 -100.1220 -0.7963 -0.6035 -0.0404 -5.3256 -0.0183 -0.0427 0.9989 -3.3378
-0.5978 0.8011 0.0278 -101.0770 -0.8014 -0.5966 -0.0422 -6.6320 -0.0172 -0.0475 0.9987 -3.3569
-0.5930 0.8048 0.0266 -102.0490 -0.8050 -0.5916 -0.0454 -7.9713 -0.0208 -0.0484 0.9986 -3.3751
-0.5904 0.8067 0.0259 -103.0120 -0.8068 -0.5890 -0.0465 -9.2988 -0.0223 -0.0484 0.9986 -3.3888
-0.5897 0.8072 0.0271 -103.9600 -0.8073 -0.5881 -0.0482 -10.6293 -0.0230 -0.0502 0.9985 -3.4057
-0.5913 0.8060 0.0268 -104.9110 -0.8061 -0.5898 -0.0480 -11.9596 -0.0229 -0.0500 0.9985 -3.4281
-0.5943 0.8038 0.0252 -105.8690 -0.8039 -0.5929 -0.0470 -13.2816 -0.0228 -0.0482 0.9986 -3.4436
-0.5982 0.8011 0.0218 -106.8220 -0.8010 -0.5969 -0.0459 -14.5721 -0.0238 -0.0449 0.9987 -3.4602
-0.6020 0.7983 0.0199 -107.7830 -0.7982 -0.6008 -0.0449 -15.8610 -0.0239 -0.0429 0.9988 -3.4741
-0.6072 0.7942 0.0238 -108.7110 -0.7943 -0.6060 -0.0427 -17.1099 -0.0195 -0.0449 0.9988 -3.4958
-0.6163 0.7871 0.0258 -109.6490 -0.7873 -0.6150 -0.0440 -18.3386 -0.0188 -0.0475 0.9987 -3.5060
-0.6306 0.7756 0.0271 -110.5770 -0.7758 -0.6290 -0.0501 -19.5340 -0.0219 -0.0526 0.9984 -3.5134
-0.6474 0.7616 0.0274 -111.5400 -0.7618 -0.6457 -0.0526 -20.6940 -0.0224 -0.0549 0.9982 -3.5169
-0.6675 0.7441 0.0276 -112.5030 -0.7444 -0.6659 -0.0494 -21.8121 -0.0184 -0.0535 0.9984 -3.5368
-0.6883 0.7249 0.0273 -113.4970 -0.7252 -0.6869 -0.0466 -22.8787 -0.0150 -0.0519 0.9985 -3.5436
-0.7125 0.7012 0.0245 -114.4960 -0.7015 -0.7111 -0.0484 -23.8887 -0.0165 -0.0517 0.9985 -3.5429
-0.7401 0.6721 0.0248 -115.5060 -0.6724 -0.7387 -0.0473 -24.8532 -0.0135 -0.0516 0.9986 -3.5456
-0.7696 0.6382 0.0228 -116.5500 -0.6385 -0.7685 -0.0420 -25.7331 -0.0093 -0.0469 0.9989 -3.5490
-0.7990 0.6011 0.0164 -117.6280 -0.6011 -0.7979 -0.0450 -26.5675 -0.0140 -0.0458 0.9989 -3.5328
-0.8291 0.5590 0.0096 -118.7160 -0.5588 -0.8282 -0.0425 -27.2983 -0.0158 -0.0406 0.9990 -3.5378
-0.8621 0.5067 0.0029 -119.7860 -0.5064 -0.8615 -0.0380 -27.9536 -0.0167 -0.0343 0.9993 -3.5439
-0.8957 0.4446 -0.0091 -120.8890 -0.4440 -0.8952 -0.0377 -28.5114 -0.0250 -0.0297 0.9992 -3.5510
-0.9277 0.3730 -0.0141 -121.9960 -0.3723 -0.9274 -0.0376 -28.9636 -0.0271 -0.0296 0.9992 -3.5531
-0.9555 0.2939 -0.0258 -123.1310 -0.2930 -0.9556 -0.0323 -29.3212 -0.0342 -0.0233 0.9991 -3.5876
-0.9764 0.2108 -0.0466 -124.3060 -0.2097 -0.9773 -0.0292 -29.5866 -0.0517 -0.0187 0.9985 -3.5960
-0.9900 0.1282 -0.0588 -125.5010 -0.1270 -0.9916 -0.0231 -29.7039 -0.0612 -0.0154 0.9980 -3.6534
-0.9971 0.0440 -0.0628 -126.6770 -0.0429 -0.9989 -0.0183 -29.7654 -0.0636 -0.0155 0.9979 -3.6954
-0.9970 -0.0387 -0.0674 -127.8740 0.0399 -0.9991 -0.0164 -29.7221 -0.0667 -0.0191 0.9976 -3.7743
-0.9896 -0.1191 -0.0802 -129.0920 0.1205 -0.9926 -0.0129 -29.5753 -0.0781 -0.0224 0.9967 -3.8186
-0.9751 -0.1996 -0.0971 -130.3130 0.2019 -0.9793 -0.0143 -29.3521 -0.0923 -0.0335 0.9952 -3.9000
-0.9541 -0.2807 -0.1044 -131.5550 0.2836 -0.9588 -0.0138 -29.0038 -0.0963 -0.0427 0.9944 -3.9980
-0.9260 -0.3598 -0.1143 -132.7930 0.3635 -0.9315 -0.0135 -28.5458 -0.1016 -0.0541 0.9934 -4.1032
-0.8947 -0.4302 -0.1204 -134.0380 0.4348 -0.9004 -0.0135 -27.9747 -0.1026 -0.0645 0.9926 -4.2229
-0.8609 -0.4939 -0.1219 -135.2720 0.4987 -0.8667 -0.0105 -27.2797 -0.1004 -0.0698 0.9925 -4.3393
-0.8272 -0.5483 -0.1228 -136.5060 0.5532 -0.8330 -0.0077 -26.4656 -0.0981 -0.0743 0.9924 -4.4727
-0.7959 -0.5920 -0.1263 -137.7740 0.5971 -0.8022 -0.0023 -25.5505 -0.1000 -0.0772 0.9920 -4.6111
-0.7723 -0.6216 -0.1310 -139.0350 0.6267 -0.7793 0.0032 -24.5380 -0.1041 -0.0796 0.9914 -4.7614
-0.7563 -0.6408 -0.1318 -140.2990 0.6459 -0.7634 0.0054 -23.4814 -0.1040 -0.0810 0.9913 -4.9060
-0.7506 -0.6485 -0.1265 -141.5860 0.6527 -0.7576 0.0113 -22.3509 -0.1032 -0.0741 0.9919 -5.0541
-0.7506 -0.6487 -0.1255 -142.9190 0.6523 -0.7578 0.0156 -21.2120 -0.1053 -0.0702 0.9920 -5.2200
-0.7534 -0.6460 -0.1233 -144.2960 0.6492 -0.7604 0.0170 -20.0383 -0.1048 -0.0672 0.9922 -5.3852
-0.7602 -0.6383 -0.1213 -145.7240 0.6413 -0.7671 0.0175 -18.8217 -0.1043 -0.0645 0.9925 -5.5603
-0.7689 -0.6279 -0.1207 -147.2320 0.6305 -0.7760 0.0202 -17.5931 -0.1063 -0.0606 0.9925 -5.7427
-0.7774 -0.6169 -0.1229 -148.8430 0.6197 -0.7846 0.0187 -16.3251 -0.1080 -0.0616 0.9922 -5.9643
-0.7821 -0.6107 -0.1239 -150.4960 0.6138 -0.7893 0.0156 -15.0521 -0.1073 -0.0639 0.9922 -6.1706
-0.7823 -0.6098 -0.1276 -152.2110 0.6132 -0.7898 0.0150 -13.7268 -0.1099 -0.0665 0.9917 -6.3878
-0.7796 -0.6132 -0.1272 -153.9430 0.6166 -0.7871 0.0159 -12.3854 -0.1098 -0.0660 0.9918 -6.6087
-0.7751 -0.6187 -0.1280 -155.7130 0.6223 -0.7827 0.0150 -10.9893 -0.1095 -0.0680 0.9917 -6.8327
-0.7698 -0.6249 -0.1298 -157.4970 0.6286 -0.7775 0.0152 -9.5690 -0.1104 -0.0699 0.9914 -7.0517
-0.7619 -0.6343 -0.1310 -159.3040 0.6384 -0.7696 0.0142 -8.0982 -0.1098 -0.0728 0.9913 -7.2818
-0.7544 -0.6430 -0.1318 -161.1260 0.6472 -0.7622 0.0138 -6.5813 -0.1093 -0.0749 0.9912 -7.5051
-0.7475 -0.6509 -0.1326 -162.9610 0.6553 -0.7553 0.0135 -5.0214 -0.1089 -0.0768 0.9911 -7.7313
-0.7407 -0.6575 -0.1381 -164.8130 0.6622 -0.7492 0.0151 -3.4106 -0.1134 -0.0803 0.9903 -7.9520
-0.7336 -0.6636 -0.1466 -166.6630 0.6683 -0.7436 0.0218 -1.7535 -0.1234 -0.0820 0.9890 -8.2068
-0.7317 -0.6657 -0.1465 -168.5440 0.6702 -0.7418 0.0231 -0.0671 -0.1241 -0.0813 0.9889 -8.5019
-0.7337 -0.6665 -0.1318 -170.3840 0.6704 -0.7418 0.0194 1.5956 -0.1107 -0.0741 0.9911 -8.7635
-0.7347 -0.6661 -0.1290 -172.2940 0.6694 -0.7426 0.0218 3.3129 -0.1103 -0.0703 0.9914 -9.0100
-0.7350 -0.6659 -0.1282 -174.2860 0.6682 -0.7434 0.0299 5.1047 -0.1152 -0.0637 0.9913 -9.2721
-0.7356 -0.6651 -0.1288 -176.2930 0.6666 -0.7445 0.0370 6.9155 -0.1205 -0.0587 0.9910 -9.5597
-0.7374 -0.6641 -0.1235 -178.3410 0.6647 -0.7459 0.0420 8.7444 -0.1200 -0.0511 0.9915 -9.8619
-0.7390 -0.6628 -0.1207 -180.3650 0.6620 -0.7477 0.0527 10.5531 -0.1252 -0.0410 0.9913 -10.1409
-0.7405 -0.6616 -0.1180 -182.3560 0.6595 -0.7492 0.0616 12.3168 -0.1292 -0.0322 0.9911 -10.4222
-0.7408 -0.6612 -0.1184 -184.2610 0.6589 -0.7496 0.0636 14.0122 -0.1308 -0.0309 0.9909 -10.7025
-0.7421 -0.6599 -0.1171 -186.1210 0.6573 -0.7508 0.0657 15.6510 -0.1313 -0.0282 0.9909 -10.9733
-0.7432 -0.6585 -0.1184 -187.9090 0.6557 -0.7521 0.0671 17.2155 -0.1332 -0.0278 0.9907 -11.2304
-0.7450 -0.6567 -0.1169 -189.6260 0.6540 -0.7536 0.0659 18.7101 -0.1313 -0.0274 0.9910 -11.4694
-0.7472 -0.6543 -0.1166 -191.1770 0.6524 -0.7556 0.0593 20.0411 -0.1269 -0.0318 0.9914 -11.6826
-0.7484 -0.6537 -0.1126 -192.6240 0.6524 -0.7560 0.0525 21.2866 -0.1194 -0.0341 0.9923 -11.8610
-0.7491 -0.6527 -0.1130 -193.9040 0.6520 -0.7567 0.0479 22.3728 -0.1168 -0.0378 0.9924 -12.0113
-0.7511 -0.6506 -0.1118 -195.0740 0.6504 -0.7583 0.0433 23.3642 -0.1129 -0.0402 0.9928 -12.1484
-0.7534 -0.6480 -0.1115 -196.1080 0.6476 -0.7606 0.0451 24.2464 -0.1140 -0.0382 0.9927 -12.2692
-0.7607 -0.6403 -0.1061 -196.9930 0.6399 -0.7673 0.0422 24.9842 -0.1084 -0.0358 0.9935 -12.3577
-0.7734 -0.6267 -0.0951 -197.7730 0.6268 -0.7785 0.0328 25.6052 -0.0946 -0.0343 0.9949 -12.4354
-0.7852 -0.6130 -0.0880 -198.4440 0.6139 -0.7892 0.0201 26.1085 -0.0818 -0.0382 0.9959 -12.4938
-0.7977 -0.5973 -0.0839 -199.0240 0.5984 -0.8011 0.0133 26.5343 -0.0751 -0.0396 0.9964 -12.5365
-0.8136 -0.5761 -0.0789 -199.5350 0.5773 -0.8165 0.0092 26.8850 -0.0697 -0.0380 0.9968 -12.5691
-0.8320 -0.5496 -0.0762 -200.0460 0.5510 -0.8345 0.0032 27.1831 -0.0653 -0.0394 0.9971 -12.6038
-0.8538 -0.5155 -0.0721 -200.5710 0.5170 -0.8560 -0.0023 27.4853 -0.0605 -0.0393 0.9974 -12.6360
-0.8786 -0.4722 -0.0715 -201.1180 0.4737 -0.8807 -0.0044 27.7464 -0.0609 -0.0378 0.9974 -12.6670
-0.9049 -0.4195 -0.0717 -201.7090 0.4210 -0.9070 -0.0071 27.9788 -0.0620 -0.0366 0.9974 -12.7035
-0.9319 -0.3551 -0.0739 -202.3330 0.3569 -0.9341 -0.0126 28.1751 -0.0646 -0.0381 0.9972 -12.7279
-0.9570 -0.2806 -0.0738 -202.9810 0.2831 -0.9587 -0.0256 28.3051 -0.0635 -0.0454 0.9969 -12.7625
-0.9773 -0.2029 -0.0609 -203.6120 0.2045 -0.9786 -0.0210 28.4092 -0.0553 -0.0329 0.9979 -12.7995
-0.9913 -0.1217 -0.0500 -204.2840 0.1229 -0.9922 -0.0223 28.4670 -0.0469 -0.0283 0.9985 -12.8146
-0.9987 -0.0343 -0.0374 -205.0020 0.0356 -0.9988 -0.0323 28.4388 -0.0362 -0.0336 0.9988 -12.8622
-0.9979 0.0565 -0.0332 -205.7250 -0.0553 -0.9979 -0.0345 28.3697 -0.0351 -0.0326 0.9989 -12.8982
-0.9885 0.1480 -0.0320 -206.5060 -0.1469 -0.9886 -0.0345 28.2265 -0.0368 -0.0294 0.9989 -12.9241
-0.9715 0.2344 -0.0352 -207.3230 -0.2335 -0.9719 -0.0296 28.0218 -0.0411 -0.0205 0.9989 -12.9520
-0.9493 0.3122 -0.0367 -208.1110 -0.3113 -0.9499 -0.0290 27.7466 -0.0440 -0.0161 0.9989 -12.9688
-0.9245 0.3795 -0.0355 -208.9260 -0.3785 -0.9251 -0.0313 27.3734 -0.0447 -0.0155 0.9989 -13.0065
-0.9002 0.4341 -0.0357 -209.7560 -0.4331 -0.9008 -0.0318 26.9399 -0.0459 -0.0131 0.9989 -13.0524
-0.8777 0.4779 -0.0358 -210.6670 -0.4770 -0.8784 -0.0298 26.4557 -0.0457 -0.0091 0.9989 -13.0889
-0.8555 0.5166 -0.0356 -211.6060 -0.5159 -0.8562 -0.0290 25.8712 -0.0455 -0.0064 0.9989 -13.1297
-0.8307 0.5556 -0.0346 -212.5790 -0.5549 -0.8314 -0.0276 25.2226 -0.0441 -0.0037 0.9990 -13.1794
-0.8054 0.5916 -0.0364 -213.5990 -0.5910 -0.8062 -0.0272 24.4735 -0.0455 -0.0004 0.9990 -13.2275
-0.7806 0.6239 -0.0362 -214.6260 -0.6233 -0.7815 -0.0283 23.6533 -0.0460 0.0005 0.9989 -13.2806
-0.7573 0.6521 -0.0363 -215.6500 -0.6515 -0.7581 -0.0288 22.7555 -0.0463 0.0019 0.9989 -13.3354
-0.7357 0.6763 -0.0368 -216.7020 -0.6755 -0.7367 -0.0310 21.7816 -0.0481 0.0021 0.9988 -13.3905
-0.7198 0.6932 -0.0373 -217.7010 -0.6924 -0.7208 -0.0326 20.7741 -0.0495 0.0024 0.9988 -13.4537
-0.7098 0.7036 -0.0344 -218.7340 -0.7027 -0.7106 -0.0354 19.7179 -0.0494 -0.0009 0.9988 -13.5081
-0.7050 0.7084 -0.0336 -219.8080 -0.7075 -0.7058 -0.0360 18.6449 -0.0492 -0.0016 0.9988 -13.5724
-0.7019 0.7115 -0.0332 -220.8990 -0.7105 -0.7027 -0.0377 17.5108 -0.0502 -0.0029 0.9987 -13.6359
-0.6995 0.7140 -0.0313 -222.0060 -0.7130 -0.7002 -0.0374 16.3796 -0.0486 -0.0038 0.9988 -13.6993
-0.6969 0.7165 -0.0312 -223.1260 -0.7156 -0.6975 -0.0373 15.2258 -0.0484 -0.0037 0.9988 -13.7618
-0.6941 0.7191 -0.0334 -224.2520 -0.7180 -0.6949 -0.0393 14.0515 -0.0515 -0.0033 0.9987 -13.8262
-0.6912 0.7219 -0.0330 -225.3900 -0.7208 -0.6920 -0.0397 12.8444 -0.0515 -0.0036 0.9987 -13.8973
-0.6906 0.7225 -0.0319 -226.5520 -0.7215 -0.6913 -0.0396 11.6299 -0.0506 -0.0044 0.9987 -13.9646
-0.6935 0.7198 -0.0318 -227.7060 -0.7187 -0.6942 -0.0399 10.4031 -0.0508 -0.0048 0.9987 -14.0360
-0.6986 0.7147 -0.0322 -228.9220 -0.7137 -0.6994 -0.0396 9.1762 -0.0508 -0.0047 0.9987 -14.1070
-0.7037 0.7097 -0.0337 -230.1580 -0.7087 -0.7045 -0.0388 7.9275 -0.0513 -0.0034 0.9987 -14.1803
-0.7071 0.7063 -0.0334 -231.4160 -0.7053 -0.7079 -0.0378 6.6482 -0.0503 -0.0032 0.9987 -14.2533
-0.7100 0.7034 -0.0342 -232.6650 -0.7023 -0.7108 -0.0385 5.4017 -0.0514 -0.0033 0.9987 -14.3222
-0.7119 0.7015 -0.0329 -233.9410 -0.7004 -0.7126 -0.0395 4.1304 -0.0511 -0.0050 0.9987 -14.3929
-0.7131 0.7003 -0.0323 -235.2180 -0.6993 -0.7138 -0.0391 2.8608 -0.0504 -0.0054 0.9987 -14.4720
-0.7129 0.7004 -0.0343 -236.4820 -0.6993 -0.7138 -0.0398 1.5840 -0.0524 -0.0044 0.9986 -14.5289
-0.7110 0.7022 -0.0366 -237.7560 -0.7011 -0.7120 -0.0398 0.3361 -0.0540 -0.0026 0.9985 -14.5898
-0.7092 0.7040 -0.0378 -238.9970 -0.7029 -0.7102 -0.0389 -0.8900 -0.0542 -0.0010 0.9985 -14.6555
-0.7074 0.7059 -0.0359 -240.2470 -0.7047 -0.7083 -0.0406 -2.1388 -0.0541 -0.0034 0.9985 -14.7317
-0.7050 0.7083 -0.0353 -241.4740 -0.7071 -0.7059 -0.0409 -3.3853 -0.0539 -0.0039 0.9985 -14.8051
-0.7017 0.7116 -0.0352 -242.6980 -0.7104 -0.7026 -0.0414 -4.6298 -0.0542 -0.0041 0.9985 -14.8732
-0.6953 0.7178 -0.0362 -243.9310 -0.7166 -0.6962 -0.0411 -5.8808 -0.0547 -0.0027 0.9985 -14.9440
-0.6847 0.7279 -0.0377 -245.1350 -0.7269 -0.6857 -0.0376 -7.1400 -0.0532 0.0017 0.9986 -15.0240
-0.6675 0.7436 -0.0400 -246.3020 -0.7427 -0.6686 -0.0367 -8.4009 -0.0540 0.0052 0.9985 -15.0891
-0.6455 0.7626 -0.0435 -247.4290 -0.7616 -0.6469 -0.0387 -9.6943 -0.0576 0.0082 0.9983 -15.1468
-0.6219 0.7817 -0.0461 -248.4930 -0.7809 -0.6235 -0.0385 -11.0372 -0.0588 0.0120 0.9982 -15.2184
-0.6005 0.7983 -0.0462 -249.5090 -0.7976 -0.6021 -0.0371 -12.3761 -0.0575 0.0146 0.9982 -15.2898
-0.5871 0.8086 -0.0382 -250.4490 -0.8077 -0.5883 -0.0393 -13.7246 -0.0543 0.0077 0.9985 -15.3621
-0.5854 0.8100 -0.0334 -251.3970 -0.8089 -0.5864 -0.0436 -15.0728 -0.0549 0.0015 0.9985 -15.4308
-0.5944 0.8036 -0.0313 -252.3500 -0.8022 -0.5952 -0.0481 -16.4080 -0.0573 -0.0035 0.9984 -15.4978
-0.6139 0.7888 -0.0291 -253.3370 -0.7874 -0.6146 -0.0475 -17.7023 -0.0553 -0.0063 0.9984 -15.5671
-0.6393 0.7684 -0.0289 -254.3630 -0.7667 -0.6399 -0.0523 -18.9880 -0.0587 -0.0113 0.9982 -15.6390
-0.6637 0.7474 -0.0300 -255.4160 -0.7454 -0.6642 -0.0561 -20.2115 -0.0618 -0.0149 0.9980 -15.7096
-0.6870 0.7260 -0.0310 -256.5220 -0.7242 -0.6876 -0.0531 -21.4005 -0.0599 -0.0141 0.9981 -15.7775
-0.7103 0.7033 -0.0293 -257.6580 -0.7015 -0.7107 -0.0527 -22.5494 -0.0579 -0.0169 0.9982 -15.8532
-0.7302 0.6825 -0.0331 -258.8320 -0.6806 -0.7308 -0.0526 -23.6696 -0.0601 -0.0159 0.9981 -15.9266
-0.7465 0.6643 -0.0366 -260.0420 -0.6625 -0.7473 -0.0510 -24.7628 -0.0612 -0.0138 0.9980 -16.0053
-0.7576 0.6517 -0.0361 -261.2840 -0.6501 -0.7584 -0.0472 -25.8376 -0.0581 -0.0123 0.9982 -16.0770
-0.7657 0.6423 -0.0353 -262.5290 -0.6406 -0.7663 -0.0488 -26.8968 -0.0584 -0.0148 0.9982 -16.1536
-0.7724 0.6341 -0.0366 -263.7990 -0.6325 -0.7731 -0.0480 -27.9521 -0.0587 -0.0139 0.9982 -16.2230
-0.7792 0.6258 -0.0357 -265.0860 -0.6241 -0.7798 -0.0484 -29.0045 -0.0582 -0.0154 0.9982 -16.3039
-0.7860 0.6172 -0.0359 -266.3830 -0.6154 -0.7866 -0.0501 -30.0422 -0.0592 -0.0173 0.9981 -16.3787
-0.7919 0.6094 -0.0390 -267.7180 -0.6075 -0.7927 -0.0503 -31.0826 -0.0616 -0.0161 0.9980 -16.4589
-0.7958 0.6042 -0.0401 -269.0660 -0.6024 -0.7967 -0.0493 -32.1077 -0.0617 -0.0151 0.9980 -16.5490
-0.7986 0.6007 -0.0364 -270.4280 -0.5994 -0.7994 -0.0419 -33.1219 -0.0542 -0.0116 0.9985 -16.6429
-0.8003 0.5985 -0.0367 -271.8190 -0.5970 -0.8011 -0.0428 -34.1732 -0.0550 -0.0124 0.9984 -16.7161
-0.8009 0.5975 -0.0383 -273.2140 -0.5962 -0.8018 -0.0403 -35.2168 -0.0548 -0.0094 0.9985 -16.7859
-0.8004 0.5981 -0.0398 -274.6090 -0.5967 -0.8013 -0.0424 -36.2634 -0.0573 -0.0102 0.9983 -16.8640
-0.7972 0.6022 -0.0426 -276.0380 -0.6008 -0.7983 -0.0419 -37.3559 -0.0592 -0.0078 0.9982 -16.9455
-0.7913 0.6099 -0.0423 -277.4390 -0.6085 -0.7924 -0.0424 -38.4338 -0.0594 -0.0078 0.9982 -17.0331
-0.7836 0.6199 -0.0416 -278.8290 -0.6185 -0.7847 -0.0413 -39.5354 -0.0583 -0.0066 0.9983 -17.1167
-0.7761 0.6294 -0.0376 -280.2230 -0.6280 -0.7770 -0.0433 -40.6705 -0.0565 -0.0100 0.9984 -17.2049
-0.7710 0.6358 -0.0358 -281.6630 -0.6345 -0.7718 -0.0421 -41.8632 -0.0545 -0.0098 0.9985 -17.2914
-0.7669 0.6406 -0.0394 -283.1320 -0.6393 -0.7679 -0.0401 -43.0938 -0.0560 -0.0056 0.9984 -17.3881
-0.7626 0.6458 -0.0368 -284.6690 -0.6448 -0.7635 -0.0362 -44.3797 -0.0514 -0.0039 0.9987 -17.4876
-0.7598 0.6494 -0.0313 -286.2110 -0.6485 -0.7604 -0.0358 -45.7143 -0.0470 -0.0069 0.9989 -17.5712
-0.7564 0.6532 -0.0346 -287.8030 -0.6518 -0.7571 -0.0445 -47.1158 -0.0553 -0.0111 0.9984 -17.6683
-0.7509 0.6592 -0.0402 -289.4420 -0.6578 -0.7519 -0.0443 -48.5423 -0.0594 -0.0068 0.9982 -17.7831
-0.7456 0.6646 -0.0483 -291.0630 -0.6633 -0.7472 -0.0418 -49.9606 -0.0638 0.0009 0.9980 -17.8918
-0.7413 0.6695 -0.0480 -292.6700 -0.6684 -0.7428 -0.0382 -51.4197 -0.0613 0.0038 0.9981 -17.9878
-0.7397 0.6715 -0.0438 -294.2890 -0.6701 -0.7410 -0.0427 -52.9073 -0.0611 -0.0023 0.9981 -18.0937
-0.7387 0.6725 -0.0451 -295.9230 -0.6709 -0.7401 -0.0463 -54.4093 -0.0645 -0.0040 0.9979 -18.2056
-0.7371 0.6740 -0.0480 -297.5710 -0.6726 -0.7387 -0.0440 -55.9100 -0.0651 -0.0002 0.9979 -18.3211
-0.7357 0.6758 -0.0459 -299.1890 -0.6747 -0.7371 -0.0379 -57.3981 -0.0594 0.0031 0.9982 -18.4182
-0.7341 0.6773 -0.0494 -300.8260 -0.6761 -0.7357 -0.0399 -58.9234 -0.0634 0.0041 0.9980 -18.5207
-0.7325 0.6790 -0.0493 -302.4040 -0.6778 -0.7341 -0.0402 -60.4040 -0.0635 0.0040 0.9980 -18.6255
-0.7308 0.6809 -0.0481 -303.9870 -0.6797 -0.7324 -0.0399 -61.8810 -0.0624 0.0035 0.9980 -18.7326
-0.7291 0.6829 -0.0457 -305.5530 -0.6817 -0.7305 -0.0397 -63.3505 -0.0605 0.0022 0.9982 -18.8433
-0.7267 0.6854 -0.0456 -307.1260 -0.6844 -0.7281 -0.0386 -64.8274 -0.0597 0.0032 0.9982 -18.9377
-0.7251 0.6871 -0.0454 -308.6810 -0.6859 -0.7266 -0.0405 -66.3174 -0.0608 0.0018 0.9981 -19.0382
-0.7239 0.6884 -0.0457 -310.2420 -0.6870 -0.7254 -0.0426 -67.8182 -0.0625 0.0005 0.9980 -19.1395
-0.7224 0.6899 -0.0459 -311.7940 -0.6886 -0.7239 -0.0431 -69.3074 -0.0630 0.0004 0.9980 -19.2435
-0.7243 0.6881 -0.0442 -313.3200 -0.6867 -0.7256 -0.0432 -70.7703 -0.0618 -0.0009 0.9981 -19.3432
-0.7269 0.6854 -0.0434 -314.8590 -0.6838 -0.7282 -0.0465 -72.2566 -0.0635 -0.0042 0.9980 -19.4437
-0.7309 0.6811 -0.0433 -316.4000 -0.6796 -0.7321 -0.0456 -73.6979 -0.0628 -0.0039 0.9980 -19.5566
-0.7346 0.6771 -0.0432 -317.9600 -0.6757 -0.7359 -0.0448 -75.1473 -0.0621 -0.0037 0.9981 -19.6595
-0.7383 0.6731 -0.0430 -319.5260 -0.6716 -0.7396 -0.0442 -76.5720 -0.0615 -0.0037 0.9981 -19.7603
-0.7420 0.6689 -0.0438 -321.1180 -0.6674 -0.7433 -0.0449 -78.0157 -0.0626 -0.0041 0.9980 -19.8609
-0.7457 0.6648 -0.0443 -322.6730 -0.6634 -0.7470 -0.0440 -79.4089 -0.0624 -0.0034 0.9980 -19.9648
-0.7498 0.6603 -0.0424 -324.2220 -0.6590 -0.7510 -0.0422 -80.8031 -0.0597 -0.0037 0.9982 -20.0635
-0.7540 0.6555 -0.0426 -325.7940 -0.6539 -0.7552 -0.0458 -82.1786 -0.0622 -0.0067 0.9980 -20.1596
-0.7585 0.6502 -0.0429 -327.3360 -0.6485 -0.7597 -0.0480 -83.5331 -0.0638 -0.0086 0.9979 -20.2591
-0.7627 0.6452 -0.0440 -328.8570 -0.6434 -0.7640 -0.0489 -84.8235 -0.0652 -0.0090 0.9978 -20.3559
-0.7663 0.6411 -0.0435 -330.3350 -0.6393 -0.7674 -0.0483 -86.0769 -0.0643 -0.0092 0.9979 -20.4536
-0.7693 0.6373 -0.0436 -331.7950 -0.6356 -0.7705 -0.0483 -87.2885 -0.0644 -0.0094 0.9979 -20.5505
-0.7704 0.6362 -0.0423 -333.1940 -0.6345 -0.7715 -0.0475 -88.4643 -0.0629 -0.0098 0.9980 -20.6486
-0.7704 0.6362 -0.0416 -334.5610 -0.6344 -0.7714 -0.0490 -89.6043 -0.0633 -0.0114 0.9979 -20.7276
-0.7687 0.6381 -0.0432 -335.9150 -0.6363 -0.7699 -0.0496 -90.7352 -0.0649 -0.0106 0.9978 -20.8174
-0.7654 0.6420 -0.0459 -337.1560 -0.6402 -0.7667 -0.0485 -91.7769 -0.0663 -0.0077 0.9978 -20.8777
-0.7622 0.6456 -0.0477 -338.3200 -0.6439 -0.7637 -0.0465 -92.7461 -0.0664 -0.0047 0.9978 -20.9556
-0.7595 0.6488 -0.0475 -339.4320 -0.6472 -0.7610 -0.0456 -93.7058 -0.0657 -0.0039 0.9978 -21.0237
-0.7575 0.6511 -0.0488 -340.4700 -0.6496 -0.7590 -0.0429 -94.5937 -0.0650 -0.0007 0.9979 -21.0918
-0.7611 0.6470 -0.0463 -341.4320 -0.6452 -0.7624 -0.0494 -95.4444 -0.0673 -0.0077 0.9977 -21.1469
-0.7738 0.6319 -0.0440 -342.3100 -0.6294 -0.7749 -0.0580 -96.2087 -0.0707 -0.0172 0.9973 -21.1981
-0.7965 0.6030 -0.0444 -343.2080 -0.6005 -0.7975 -0.0578 -96.9169 -0.0703 -0.0194 0.9973 -21.2577
-0.8285 0.5583 -0.0427 -344.1060 -0.5557 -0.8292 -0.0601 -97.5587 -0.0689 -0.0260 0.9973 -21.3099
-0.8593 0.5094 -0.0459 -345.1040 -0.5059 -0.8597 -0.0703 -98.1812 -0.0752 -0.0372 0.9965 -21.4014
-0.8865 0.4597 -0.0517 -346.1140 -0.4563 -0.8873 -0.0666 -98.6851 -0.0765 -0.0354 0.9964 -21.4587
-0.9087 0.4150 -0.0446 -347.1220 -0.4123 -0.9092 -0.0587 -99.1636 -0.0649 -0.0350 0.9973 -21.5224
-0.9240 0.3798 -0.0431 -348.1940 -0.3769 -0.9241 -0.0633 -99.6040 -0.0639 -0.0422 0.9971 -21.5745
-0.9335 0.3558 -0.0442 -349.2930 -0.3529 -0.9336 -0.0615 -100.0070 -0.0632 -0.0418 0.9971 -21.6395
-0.9375 0.3449 -0.0459 -350.3720 -0.3419 -0.9377 -0.0618 -100.3840 -0.0644 -0.0422 0.9970 -21.7029
-0.9378 0.3441 -0.0472 -351.4650 -0.3413 -0.9382 -0.0582 -100.7700 -0.0643 -0.0384 0.9972 -21.7622
-0.9339 0.3549 -0.0434 -352.5550 -0.3523 -0.9341 -0.0575 -101.1880 -0.0610 -0.0384 0.9974 -21.8092
-0.9250 0.3781 -0.0388 -353.6390 -0.3759 -0.9251 -0.0537 -101.6150 -0.0562 -0.0350 0.9978 -21.8740
-0.9121 0.4077 -0.0418 -354.7510 -0.4055 -0.9126 -0.0533 -102.1090 -0.0599 -0.0317 0.9977 -21.9263
-0.8939 0.4465 -0.0399 -355.8420 -0.4442 -0.8942 -0.0552 -102.6670 -0.0603 -0.0316 0.9977 -21.9803
-0.8694 0.4925 -0.0388 -356.9120 -0.4903 -0.8698 -0.0545 -103.2930 -0.0606 -0.0284 0.9978 -22.0482
-0.8416 0.5385 -0.0415 -357.9880 -0.5360 -0.8422 -0.0586 -103.9870 -0.0665 -0.0271 0.9974 -22.1297
-0.8117 0.5825 -0.0430 -359.0470 -0.5793 -0.8123 -0.0673 -104.7780 -0.0742 -0.0297 0.9968 -22.2066
-0.7825 0.6207 -0.0492 -360.0680 -0.6164 -0.7834 -0.0788 -105.6140 -0.0875 -0.0313 0.9957 -22.3119
-0.7590 0.6488 -0.0551 -361.0780 -0.6443 -0.7606 -0.0796 -106.4570 -0.0935 -0.0250 0.9953 -22.4035
-0.7440 0.6659 -0.0558 -362.0290 -0.6613 -0.7457 -0.0817 -107.3130 -0.0960 -0.0238 0.9951 -22.4838
-0.7329 0.6792 -0.0406 -362.9230 -0.6763 -0.7337 -0.0660 -108.1410 -0.0746 -0.0209 0.9970 -22.5537
-0.7218 0.6908 -0.0436 -363.7730 -0.6882 -0.7229 -0.0612 -108.9460 -0.0738 -0.0142 0.9972 -22.6658
-0.7126 0.7001 -0.0460 -364.5430 -0.6957 -0.7136 -0.0823 -109.7400 -0.0904 -0.0267 0.9955 -22.7118
-0.7092 0.7036 -0.0437 -365.2490 -0.6998 -0.7102 -0.0768 -110.4580 -0.0851 -0.0239 0.9961 -22.7718
-0.7054 0.7074 -0.0440 -365.8840 -0.7042 -0.7065 -0.0700 -111.0890 -0.0806 -0.0184 0.9966 -22.8365
-0.7024 0.7103 -0.0446 -366.4600 -0.7070 -0.7036 -0.0715 -111.6790 -0.0822 -0.0187 0.9964 -22.8926
-0.6997 0.7129 -0.0459 -366.9630 -0.7096 -0.7010 -0.0716 -112.1970 -0.0833 -0.0175 0.9964 -22.9362
-0.6972 0.7153 -0.0470 -367.3820 -0.7117 -0.6986 -0.0744 -112.6310 -0.0860 -0.0184 0.9961 -22.9616
-0.6948 0.7175 -0.0491 -367.7290 -0.7139 -0.6963 -0.0738 -112.9870 -0.0871 -0.0163 0.9961 -22.9954
-0.6906 0.7216 -0.0489 -368.4620 -0.7179 -0.6921 -0.0746 -113.7590 -0.0877 -0.0164 0.9960 -23.0690
-0.6773 0.7343 -0.0465 -368.8970 -0.7313 -0.6788 -0.0670 -114.2310 -0.0807 -0.0113 0.9967 -23.1106
-0.6653 0.7452 -0.0454 -369.0420 -0.7423 -0.6668 -0.0659 -114.3910 -0.0794 -0.0102 0.9968 -23.1302
-0.6492 0.7593 -0.0436 -369.2070 -0.7567 -0.6507 -0.0633 -114.6190 -0.0764 -0.0081 0.9970 -23.1464
-0.6292 0.7760 -0.0433 -369.4250 -0.7736 -0.6307 -0.0614 -114.9000 -0.0750 -0.0051 0.9972 -23.1839
-0.6065 0.7939 -0.0434 -369.6750 -0.7915 -0.6080 -0.0615 -115.2460 -0.0752 -0.0029 0.9972 -23.2061
-0.5848 0.8100 -0.0430 -369.9490 -0.8075 -0.5864 -0.0638 -115.6640 -0.0769 -0.0026 0.9970 -23.2467
-0.5657 0.8233 -0.0460 -370.2730 -0.8208 -0.5676 -0.0649 -116.1400 -0.0796 0.0011 0.9968 -23.2905
-0.5494 0.8343 -0.0468 -370.6300 -0.8317 -0.5513 -0.0652 -116.6990 -0.0802 0.0031 0.9968 -23.3409
-0.5398 0.8405 -0.0465 -371.0390 -0.8376 -0.5418 -0.0700 -117.3360 -0.0840 0.0012 0.9965 -23.4001
-0.5404 0.8398 -0.0524 -371.5290 -0.8371 -0.5429 -0.0673 -118.0770 -0.0850 0.0075 0.9964 -23.4811
-0.5467 0.8353 -0.0572 -372.0870 -0.8330 -0.5496 -0.0634 -118.8980 -0.0844 0.0130 0.9963 -23.5585
-0.5585 0.8278 -0.0524 -372.6910 -0.8255 -0.5609 -0.0629 -119.8020 -0.0815 0.0081 0.9966 -23.6251
-0.5757 0.8158 -0.0552 -373.3810 -0.8142 -0.5781 -0.0539 -120.7690 -0.0759 0.0139 0.9970 -23.7274
-0.5946 0.8025 -0.0501 -374.1240 -0.8012 -0.5966 -0.0469 -121.7590 -0.0676 0.0123 0.9976 -23.8059
-0.6148 0.7877 -0.0390 -374.9440 -0.7858 -0.6161 -0.0547 -122.8640 -0.0671 -0.0030 0.9977 -23.8928
-0.6334 0.7729 -0.0390 -375.8420 -0.7708 -0.6345 -0.0562 -123.9800 -0.0682 -0.0055 0.9977 -23.9809
-0.6540 0.7556 -0.0371 -376.8440 -0.7533 -0.6549 -0.0602 -125.1660 -0.0698 -0.0114 0.9975 -24.0653
-0.6725 0.7391 -0.0377 -377.8620 -0.7363 -0.6734 -0.0662 -126.3020 -0.0743 -0.0168 0.9971 -24.1688
-0.6830 0.7290 -0.0448 -378.9230 -0.7266 -0.6844 -0.0597 -127.4400 -0.0742 -0.0082 0.9972 -24.2825
-0.6864 0.7260 -0.0437 -379.9820 -0.7238 -0.6877 -0.0569 -128.5580 -0.0714 -0.0074 0.9974 -24.3759
-0.6843 0.7278 -0.0447 -381.0940 -0.7254 -0.6857 -0.0606 -129.7550 -0.0748 -0.0090 0.9972 -24.4808
-0.6818 0.7295 -0.0540 -382.2160 -0.7274 -0.6839 -0.0553 -130.9450 -0.0773 0.0016 0.9970 -24.5949
-0.6783 0.7331 -0.0499 -383.3120 -0.7309 -0.6801 -0.0565 -132.1430 -0.0754 -0.0019 0.9972 -24.7042
-0.6750 0.7362 -0.0483 -384.4090 -0.7339 -0.6768 -0.0583 -133.3520 -0.0755 -0.0039 0.9971 -24.7901
-0.6721 0.7387 -0.0511 -385.4770 -0.7360 -0.6740 -0.0627 -134.5290 -0.0808 -0.0046 0.9967 -24.9112
-0.6687 0.7417 -0.0528 -386.5120 -0.7391 -0.6708 -0.0609 -135.6880 -0.0805 -0.0017 0.9968 -25.0115
-0.6664 0.7437 -0.0531 -387.4860 -0.7413 -0.6685 -0.0604 -136.7780 -0.0804 -0.0009 0.9968 -25.0986
-0.6646 0.7456 -0.0496 -388.4330 -0.7427 -0.6664 -0.0657 -137.8680 -0.0820 -0.0068 0.9966 -25.1774
-0.6619 0.7475 -0.0554 -389.3190 -0.7451 -0.6642 -0.0609 -138.8530 -0.0823 0.0009 0.9966 -25.2802
-0.6583 0.7509 -0.0524 -390.1650 -0.7482 -0.6604 -0.0639 -139.8420 -0.0826 -0.0029 0.9966 -25.3605
-0.6546 0.7544 -0.0476 -390.9680 -0.7515 -0.6563 -0.0669 -140.7780 -0.0817 -0.0080 0.9966 -25.4344
-0.6502 0.7587 -0.0409 -391.7580 -0.7556 -0.6513 -0.0700 -141.7320 -0.0798 -0.0146 0.9967 -25.5093
-0.6452 0.7630 -0.0394 -392.5390 -0.7598 -0.6461 -0.0721 -142.6620 -0.0804 -0.0166 0.9966 -25.5829
-0.6397 0.7678 -0.0359 -393.3160 -0.7644 -0.6404 -0.0750 -143.6180 -0.0806 -0.0205 0.9965 -25.6683
-0.6361 0.7708 -0.0340 -394.0860 -0.7676 -0.6367 -0.0742 -144.5620 -0.0788 -0.0211 0.9967 -25.7364
-0.6336 0.7729 -0.0358 -394.8770 -0.7695 -0.6343 -0.0751 -145.5240 -0.0807 -0.0201 0.9965 -25.8310
-0.6299 0.7757 -0.0375 -395.6500 -0.7720 -0.6307 -0.0782 -146.4900 -0.0843 -0.0203 0.9962 -25.9207
-0.6267 0.7782 -0.0410 -396.4280 -0.7744 -0.6278 -0.0791 -147.4660 -0.0873 -0.0178 0.9960 -26.0097
-0.6236 0.7807 -0.0407 -397.2000 -0.7765 -0.6246 -0.0832 -148.4480 -0.0904 -0.0203 0.9957 -26.1125
-0.6209 0.7828 -0.0421 -397.9650 -0.7788 -0.6220 -0.0814 -149.4240 -0.0899 -0.0177 0.9958 -26.1938
-0.6202 0.7837 -0.0348 -398.7330 -0.7801 -0.6208 -0.0782 -150.3950 -0.0829 -0.0213 0.9963 -26.2733
-0.6184 0.7852 -0.0321 -399.4760 -0.7816 -0.6188 -0.0789 -151.3560 -0.0818 -0.0237 0.9964 -26.3634
-0.6156 0.7875 -0.0309 -400.1860 -0.7839 -0.6159 -0.0784 -152.2910 -0.0807 -0.0240 0.9964 -26.4412
-0.6158 0.7874 -0.0278 -400.8450 -0.7840 -0.6158 -0.0779 -153.1440 -0.0785 -0.0262 0.9966 -26.5132
-0.6150 0.7881 -0.0278 -401.4750 -0.7848 -0.6151 -0.0762 -153.9440 -0.0772 -0.0250 0.9967 -26.5673
-0.6141 0.7886 -0.0301 -402.0510 -0.7854 -0.6145 -0.0750 -154.6840 -0.0776 -0.0224 0.9967 -26.6197
-0.6128 0.7896 -0.0318 -402.5560 -0.7865 -0.6133 -0.0725 -155.3360 -0.0768 -0.0194 0.9969 -26.6648
-0.6099 0.7916 -0.0373 -403.0300 -0.7888 -0.6109 -0.0683 -155.9270 -0.0769 -0.0123 0.9970 -26.7112
-0.6019 0.7976 -0.0395 -403.3900 -0.7950 -0.6031 -0.0648 -156.4050 -0.0755 -0.0076 0.9971 -26.7335
-0.5959 0.8021 -0.0391 -403.6580 -0.7996 -0.5972 -0.0642 -156.7940 -0.0749 -0.0070 0.9972 -26.7606
-0.5914 0.8054 -0.0398 -403.8740 -0.8030 -0.5927 -0.0626 -157.0730 -0.0740 -0.0051 0.9972 -26.7869
-0.5883 0.8077 -0.0402 -404.0070 -0.8053 -0.5896 -0.0614 -157.2570 -0.0733 -0.0037 0.9973 -26.7945
-0.5285 0.8481 -0.0379 -404.2370 -0.8466 -0.5298 -0.0503 -157.7090 -0.0628 0.0055 0.9980 -26.8213
-0.0231 0.9990 -0.0387 -404.3970 -0.9987 -0.0248 -0.0443 -159.8140 -0.0452 0.0377 0.9983 -26.9223
0.0954 0.9948 -0.0368 -404.2740 -0.9947 0.0938 -0.0423 -160.2730 -0.0386 0.0407 0.9984 -26.9293
0.2230 0.9742 -0.0350 -404.0960 -0.9743 0.2216 -0.0398 -160.7510 -0.0311 0.0430 0.9986 -26.9453
0.3559 0.9339 -0.0343 -403.8460 -0.9342 0.3546 -0.0397 -161.2600 -0.0249 0.0462 0.9986 -26.9568
0.4878 0.8722 -0.0357 -403.5450 -0.8727 0.4864 -0.0416 -161.7670 -0.0189 0.0514 0.9985 -26.9669
