-0.168767 -0.98477 -0.0417775 -0.0102693 0.983599 -0.171 0.0573779 -0.0100616 -0.063648 -0.0314088 0.997478 -0.000980771
-0.168948 -0.984741 -0.0417253 -0.00742859 0.983569 -0.171177 0.0573607 -0.0173727 -0.0636279 -0.0313488 0.997481 0.00034575
-0.16928 -0.984684 -0.0417378 -0.0127796 0.983509 -0.17151 0.0573889 -0.00466997 -0.0636684 -0.0313347 0.997479 -0.000596796
-0.169022 -0.984729 -0.0417159 -0.0033728 0.983554 -0.171252 0.0573924 -0.00870466 -0.0636599 -0.0313293 0.99748 0.000640303
-0.169311 -0.984681 -0.041688 -0.00302143 0.983504 -0.171539 0.0574038 -0.00410788 -0.0636755 -0.0312813 0.99748 0.00157307
-0.169346 -0.984674 -0.0417107 -0.00996428 0.983497 -0.171576 0.0574079 -0.00308436 -0.0636845 -0.0313005 0.997479 0.000813064
-0.168961 -0.98474 -0.0417072 -0.0048989 0.983565 -0.17119 0.057392 -0.015864 -0.063656 -0.0313248 0.99748 0.00153563
-0.168949 -0.984742 -0.041715 -0.00913143 0.983568 -0.171178 0.0573795 -0.0205507 -0.0636447 -0.0313353 0.997481 0.00102589
-0.169654 -0.98462 -0.0417189 -0.0107965 0.983444 -0.171883 0.0573913 -0.00611201 -0.0636794 -0.0312915 0.99748 0.000330931
-0.169306 -0.984681 -0.0416942 -0.00657102 0.983505 -0.171534 0.0573974 -0.0108733 -0.0636701 -0.0312887 0.99748 0.0014555
-0.169709 -0.984611 -0.0417148 -0.00993609 0.983434 -0.171938 0.0574037 -0.00322687 -0.0636927 -0.0312818 0.997479 0.000456595
-0.169332 -0.984677 -0.0416929 -0.00435078 0.983502 -0.171559 0.057376 -0.0230413 -0.0636496 -0.0312895 0.997482 0.00201231
-0.168777 -0.984781 -0.0414829 -0.00780742 0.983616 -0.170984 0.0571307 -0.0546078 -0.0633541 -0.0311608 0.997505 0.00679177
-0.169449 -0.984664 -0.0415175 -0.0231884 0.9835 -0.171656 0.057115 0.0123437 -0.0633658 -0.0311544 0.997504 0.00172332
-0.170469 -0.984487 -0.0415379 -0.042572 0.983312 -0.172681 0.0572591 0.142317 -0.0635437 -0.0310838 0.997495 -0.00400742
-0.171105 -0.984377 -0.0415291 -0.0653194 0.983189 -0.173322 0.0574394 0.310991 -0.06374 -0.0310027 0.997485 -0.0131829
-0.171321 -0.984353 -0.0412029 -0.0850732 0.983139 -0.173524 0.05768 0.525086 -0.0639272 -0.0306263 0.997485 -0.0182936
-0.170934 -0.984415 -0.0413467 -0.147559 0.98319 -0.173154 0.0579244 0.783485 -0.0641809 -0.0307504 0.997464 -0.0328553
-0.171716 -0.984265 -0.0416578 -0.217606 0.983035 -0.173962 0.0581349 1.08353 -0.064467 -0.0309684 0.997439 -0.0518576
-0.172355 -0.984163 -0.0414252 -0.276257 0.982902 -0.174596 0.0584743 1.42411 -0.0647809 -0.0306386 0.997429 -0.0674316
-0.172418 -0.984169 -0.0410393 -0.325238 0.982865 -0.174648 0.0589522 1.78631 -0.0651864 -0.0301716 0.997417 -0.0850498
-0.173645 -0.983952 -0.0410684 -0.405216 0.982613 -0.17589 0.0594422 2.21486 -0.0657118 -0.0300325 0.997387 -0.108766
-0.175067 -0.983725 -0.0404577 -0.4768 0.98234 -0.177281 0.0598264 2.64602 -0.0660251 -0.0292696 0.997389 -0.130496
-0.177272 -0.983416 -0.0382989 -0.556679 0.981915 -0.179361 0.0605928 3.18037 -0.0664572 -0.0268648 0.997428 -0.155368
-0.181205 -0.982644 -0.0396822 -0.701141 0.981124 -0.183401 0.0613173 3.74969 -0.0675309 -0.0278222 0.997329 -0.186262
-0.186533 -0.981815 -0.0352789 -0.808508 0.98026 -0.188393 0.0599841 4.33269 -0.0655396 -0.0233935 0.997576 -0.218014
-0.192408 -0.980607 -0.0372787 -0.961247 0.979073 -0.194396 0.0602131 4.99287 -0.0662922 -0.0249132 0.997489 -0.255687
-0.201812 -0.978654 -0.0388375 -1.12849 0.977172 -0.203877 0.0597328 5.68327 -0.0663759 -0.0258961 0.997459 -0.303763
-0.206807 -0.977713 -0.0361745 -1.27964 0.976286 -0.208642 0.0577444 6.44384 -0.0640049 -0.0233747 0.997676 -0.350658
-0.20776 -0.977724 -0.0298443 -1.43617 0.976125 -0.209204 0.0584206 7.25652 -0.0633628 -0.0169943 0.997846 -0.383677
-0.206203 -0.977904 -0.0344166 -1.64133 0.97661 -0.207865 0.054995 8.0765 -0.0609339 -0.0222715 0.997893 -0.429469
-0.20575 -0.977982 -0.0348943 -1.85203 0.976624 -0.20747 0.0562303 8.99515 -0.0622318 -0.0225092 0.997808 -0.492795
-0.206482 -0.978017 -0.0291353 -2.03285 0.97632 -0.207905 0.0597918 9.97441 -0.0645347 -0.0160995 0.997786 -0.530392
-0.205038 -0.978216 -0.0324462 -2.2582 0.976547 -0.206688 0.0602911 10.9659 -0.065684 -0.0193233 0.997653 -0.571733
-0.20403 -0.9784 -0.0332377 -2.50041 0.976591 -0.205781 0.0626496 12.0359 -0.0681361 -0.0196772 0.997482 -0.638675
-0.204445 -0.978246 -0.0351695 -2.75071 0.976316 -0.206376 0.0649329 13.1687 -0.0707785 -0.0210613 0.99727 -0.685265
-0.204601 -0.978201 -0.0355054 -2.99716 0.976363 -0.206529 0.0637269 14.2701 -0.0696707 -0.0216276 0.997336 -0.764849
-0.207379 -0.977643 -0.0347499 -3.25219 0.975917 -0.209209 0.0617872 15.4772 -0.0676759 -0.0210996 0.997484 -0.833481
-0.209504 -0.976996 -0.0398398 -3.54925 0.975341 -0.211694 0.0624144 16.7214 -0.0694124 -0.0257814 0.997255 -0.903619
-0.211991 -0.976509 -0.0386054 -3.83793 0.974849 -0.21408 0.0619574 18.0144 -0.0687666 -0.0245001 0.997332 -0.984191
-0.214031 -0.976427 -0.027932 -4.10793 0.975164 -0.215247 0.0521942 19.3514 -0.0569761 -0.0160671 0.998246 -1.05725
-0.217351 -0.975642 -0.0296808 -4.43698 0.974378 -0.218671 0.0526305 20.718 -0.0578389 -0.017481 0.998173 -1.127
-0.221654 -0.97481 -0.0248062 -4.75081 0.972756 -0.222817 0.0640253 22.2087 -0.0679397 -0.00993894 0.99764 -1.21227
-0.224701 -0.973998 -0.0289208 -5.09587 0.972026 -0.226131 0.0634829 23.6544 -0.0683722 -0.0138471 0.997564 -1.26503
-0.227886 -0.973105 -0.0336951 -5.46642 0.97103 -0.229683 0.0659274 25.1551 -0.0718935 -0.017695 0.997255 -1.36197
-0.23215 -0.972112 -0.033243 -5.84012 0.970009 -0.233908 0.0660956 26.7041 -0.0720282 -0.016902 0.997259 -1.45436
-0.236223 -0.971262 -0.0291482 -6.2368 0.969364 -0.237627 0.0621765 28.2807 -0.067316 -0.0135677 0.997639 -1.56257
-0.240946 -0.970215 -0.0250494 -6.61381 0.968307 -0.242061 0.0615423 29.9013 -0.0657727 -0.00942717 0.99779 -1.64107
-0.24521 -0.969211 -0.0224228 -7.04072 0.967093 -0.246162 0.064306 31.5337 -0.0678457 -0.00591644 0.997678 -1.73547
-0.248624 -0.968329 -0.0229161 -7.46559 0.966202 -0.249603 0.0644309 33.2004 -0.0681103 -0.00612254 0.997659 -1.81653
-0.247615 -0.968658 -0.0196967 -7.91078 0.967062 -0.248342 0.0558312 34.882 -0.0589729 -0.00522328 0.998246 -1.89509
-0.24733 -0.968696 -0.0213488 -8.37299 0.967384 -0.24812 0.0510412 36.5759 -0.0547404 -0.00802849 0.998468 -1.97857
-0.24346 -0.969634 -0.0231948 -8.81565 0.968223 -0.244377 0.0531426 38.2746 -0.0571971 -0.00951965 0.998318 -2.0445
-0.238903 -0.970593 -0.0295859 -9.24596 0.969003 -0.240265 0.0575004 39.9146 -0.0629179 -0.0149318 0.997907 -2.10834
-0.235859 -0.971323 -0.0300463 -9.64918 0.969898 -0.237215 0.0550133 41.5143 -0.0605631 -0.0161665 0.998033 -2.16509
-0.23117 -0.972342 -0.0333303 -10.0512 0.971311 -0.232619 0.0494336 43.0258 -0.0558196 -0.0209465 0.998221 -2.23438
-0.23036 -0.972397 -0.0371304 -10.411 0.971124 -0.232157 0.0549593 44.4861 -0.0620623 -0.0233978 0.997798 -2.2992
-0.232776 -0.971967 -0.0330867 -10.7423 0.970736 -0.234277 0.0527856 45.8627 -0.0590573 -0.0198313 0.998058 -2.35265
-0.240032 -0.970097 -0.0360157 -11.0743 0.969334 -0.241527 0.0453441 47.1544 -0.0526869 -0.0240272 0.998322 -2.40508
-0.252989 -0.966851 -0.034575 -11.4138 0.966159 -0.254344 0.0429548 48.3721 -0.0503249 -0.0225379 0.998479 -2.45758
-0.276003 -0.96067 -0.0305879 -11.76 0.960217 -0.277 0.0354111 49.5159 -0.0424912 -0.0195975 0.998905 -2.48346
-0.308283 -0.95087 -0.0284234 -12.0844 0.950616 -0.309054 0.0285503 50.5429 -0.0359319 -0.0182182 0.999188 -2.51254
-0.357746 -0.933414 -0.027487 -12.4893 0.932956 -0.358526 0.032432 51.514 -0.0401273 -0.0140417 0.999096 -2.53023
-0.420614 -0.906792 -0.0284844 -12.9246 0.906245 -0.421416 0.0335965 52.3867 -0.0424688 -0.0116827 0.999029 -2.54266
-0.492899 -0.869604 -0.0289731 -13.413 0.869208 -0.493624 0.0285109 53.1786 -0.039095 -0.0111306 0.999174 -2.57217
-0.570117 -0.820877 -0.0335815 -13.99 0.820506 -0.570981 0.0273927 53.9618 -0.0416605 -0.0119368 0.999061 -2.59896
-0.648216 -0.760508 -0.0380056 -14.6594 0.760208 -0.649203 0.024866 54.6674 -0.0435842 -0.0127737 0.998968 -2.62642
-0.724364 -0.688256 -0.0399923 -15.3888 0.687909 -0.725398 0.0240728 55.3139 -0.0455786 -0.0100736 0.99891 -2.65885
-0.793761 -0.606971 -0.0391008 -16.1669 0.606644 -0.794693 0.02112 55.8753 -0.0438924 -0.00695607 0.999012 -2.69055
-0.85507 -0.517206 -0.0367789 -17.0357 0.516997 -0.855843 0.0157283 56.362 -0.0396117 -0.00556579 0.9992 -2.71281
-0.906092 -0.421874 -0.0319197 -17.9066 0.421884 -0.906625 0.00675401 56.7639 -0.0317886 -0.00734666 0.999468 -2.74512
-0.946888 -0.320057 -0.0310872 -18.8424 0.320048 -0.947386 0.00540147 57.0639 -0.0311804 -0.00483481 0.999502 -2.76358
-0.975852 -0.215716 -0.0343514 -19.8262 0.215617 -0.976456 0.00659732 57.2679 -0.0349658 -0.000968735 0.999388 -2.78982
-0.992978 -0.111841 -0.0385573 -20.8373 0.111578 -0.993716 0.00889994 57.339 -0.0393104 0.00453529 0.999217 -2.80597
-0.999342 -0.0127128 -0.0339832 -21.8283 0.0124983 -0.999901 0.00651476 57.3297 -0.0340627 0.00608574 0.999401 -2.81655
-0.996241 0.0822674 -0.0271258 -22.8207 -0.0823906 -0.996594 0.0034554 57.2419 -0.0267491 0.00567732 0.999626 -2.84555
-0.985232 0.169084 -0.0269862 -23.8268 -0.169074 -0.9856 -0.00265486 57.0352 -0.0270465 0.00194702 0.999632 -2.87018
-0.968371 0.246869 -0.0362319 -24.8198 -0.24643 -0.969025 -0.016211 56.7551 -0.0391116 -0.00676962 0.999212 -2.87795
-0.948507 0.314213 -0.0400593 -25.782 -0.313476 -0.949301 -0.0236741 56.41 -0.045467 -0.00989746 0.998917 -2.90593
-0.92841 0.369661 -0.0374916 -26.7201 -0.368911 -0.929115 -0.025514 56.0175 -0.0442655 -0.00985638 0.998971 -2.93171
-0.909394 0.414892 -0.0294445 -27.6174 -0.41411 -0.909757 -0.0292498 55.5838 -0.0389228 -0.0144063 0.999138 -2.9698
-0.892877 0.449618 -0.0247836 -28.5313 -0.448836 -0.893059 -0.0314963 55.1143 -0.0362945 -0.0169985 0.999197 -2.99679
-0.878863 0.47641 -0.0251643 -29.4422 -0.475596 -0.87907 -0.0323239 54.607 -0.0375206 -0.0164403 0.999161 -3.02126
-0.867503 0.496914 -0.0226855 -30.3186 -0.496155 -0.867641 -0.0320649 54.0883 -0.0356164 -0.0165609 0.999228 -3.0442
-0.860006 0.50998 -0.0176155 -31.2118 -0.509248 -0.859947 -0.0340151 53.543 -0.0324954 -0.0202825 0.999266 -3.06579
-0.855568 0.517488 -0.0144903 -32.096 -0.516738 -0.855356 -0.0367165 52.9844 -0.0313947 -0.0239258 0.999221 -3.09444
-0.853432 0.520916 -0.0173242 -33.0136 -0.520022 -0.853263 -0.038984 52.4273 -0.0350896 -0.0242612 0.99909 -3.11496
-0.852256 0.52287 -0.0163115 -33.92 -0.521922 -0.851996 -0.04124 51.8464 -0.0354605 -0.0266337 0.999016 -3.13183
-0.85233 0.522992 -0.00361351 -34.8064 -0.52237 -0.851615 -0.0433818 51.2824 -0.0257657 -0.035088 0.999052 -3.15446
-0.852324 0.522998 0.00418893 -35.7268 -0.522719 -0.851544 -0.0404641 50.715 -0.0175956 -0.0366781 0.999172 -3.17183
-0.852538 0.522564 0.0103105 -36.6424 -0.522377 -0.851245 -0.0500324 50.1348 -0.0173684 -0.0480404 0.998694 -3.17384
-0.852861 0.522089 0.0071839 -37.5731 -0.521694 -0.851487 -0.0529561 49.5553 -0.0215308 -0.048912 0.998571 -3.18799
-0.852878 0.522094 0.00423675 -38.5132 -0.521662 -0.85178 -0.0483607 48.985 -0.02164 -0.0434559 0.998821 -3.19048
-0.853272 0.52145 0.00419365 -39.4435 -0.52093 -0.852 -0.0522305 48.404 -0.0236626 -0.0467514 0.998626 -3.2022
-0.852924 0.522034 -0.00104694 -40.3901 -0.521365 -0.851929 -0.0489397 47.823 -0.0264401 -0.041196 0.998801 -3.22621
-0.852923 0.522034 -0.0018692 -41.3373 -0.52146 -0.852143 -0.0439541 47.2449 -0.0245383 -0.0365147 0.999032 -3.22787
-0.852986 0.521898 0.00606238 -42.2718 -0.521555 -0.851869 -0.0479659 46.6478 -0.0198689 -0.0440761 0.998831 -3.24038
-0.853239 0.52152 0.00032573 -43.2394 -0.520906 -0.852203 -0.049051 46.0644 -0.0253035 -0.0420219 0.998796 -3.26554
-0.854199 0.519938 -0.00280452 -44.22 -0.519112 -0.853123 -0.0519935 45.4454 -0.029426 -0.042957 0.998643 -3.26659
-0.854627 0.519227 0.00401704 -45.1621 -0.518753 -0.853461 -0.0500037 44.8569 -0.0225349 -0.0448184 0.998741 -3.29341
-0.85447 0.519393 0.0106033 -46.1339 -0.519373 -0.853627 -0.0396567 44.2658 -0.0115462 -0.0393925 0.999157 -3.3116
-0.855135 0.518154 0.01613 -47.1119 -0.518351 -0.854184 -0.0410156 43.6511 -0.00747439 -0.0434349 0.999028 -3.30756
-0.85532 0.517863 0.0156813 -48.1148 -0.518049 -0.854416 -0.0399872 43.0438 -0.00730951 -0.0423256 0.999077 -3.30243
-0.855687 0.517264 0.0154156 -49.1139 -0.517446 -0.854821 -0.0391156 42.4318 -0.00705555 -0.0414475 0.999116 -3.29912
-0.855602 0.517452 0.0137322 -50.1284 -0.517568 -0.85477 -0.0386293 41.8169 -0.00825092 -0.0401587 0.999159 -3.29752
-0.8557 0.517267 0.0145478 -51.1539 -0.517437 -0.854975 -0.0357262 41.1944 -0.00604202 -0.0380984 0.999256 -3.29033
-0.855774 0.517104 0.0159482 -52.1832 -0.517337 -0.855137 -0.0332037 40.5705 -0.00353185 -0.0366654 0.999321 -3.28752
-0.855851 0.516984 0.0157102 -53.2202 -0.517217 -0.85531 -0.0305085 39.9391 -0.00233525 -0.0342363 0.999411 -3.27232
-0.856024 0.516749 0.0138851 -54.2795 -0.516924 -0.855519 -0.0296073 39.3047 -0.00342058 -0.0325222 0.999465 -3.26165
-0.856156 0.516607 0.0106932 -55.3513 -0.51667 -0.855613 -0.0312764 38.6456 -0.00700836 -0.0323024 0.999454 -3.2565
-0.856476 0.516134 0.00744968 -56.4422 -0.516116 -0.856027 -0.0290074 37.9851 -0.00859455 -0.028689 0.999551 -3.25459
-0.8558 0.517239 0.00834713 -57.5282 -0.517274 -0.855455 -0.0249856 37.3412 -0.00578292 -0.0257004 0.999653 -3.24377
-0.854875 0.5188 0.00594541 -58.6431 -0.518793 -0.854608 -0.0223611 36.6597 -0.00651993 -0.0222004 0.999732 -3.23862
-0.852301 0.523051 0.00104872 -59.7362 -0.522945 -0.852083 -0.0219867 35.9879 -0.0106066 -0.0192877 0.999758 -3.23881
-0.84922 0.528036 -0.00200078 -60.8708 -0.527926 -0.849109 -0.0175414 35.2809 -0.0109614 -0.0138402 0.999844 -3.23925
-0.841418 0.540374 -0.00339367 -61.9785 -0.540308 -0.841388 -0.0116054 34.5869 -0.00912666 -0.00793138 0.999927 -3.24279
-0.829371 0.558696 -0.00169786 -63.0959 -0.558657 -0.829343 -0.00958281 33.8321 -0.00676198 -0.00699919 0.999953 -3.23932
-0.812978 0.582294 5.99815e-05 -64.1997 -0.582272 -0.812947 -0.00870549 33.0483 -0.00502039 -0.0071123 0.999962 -3.23286
-0.791796 0.610785 0.000739058 -65.2651 -0.610769 -0.791766 -0.00824709 32.2293 -0.00445203 -0.00698141 0.999966 -3.22163
-0.768046 0.640391 0.00204681 -66.3145 -0.640381 -0.768006 -0.00883859 31.3486 -0.00408819 -0.00809918 0.999959 -3.20668
-0.743228 0.669033 0.00251478 -67.3253 -0.669014 -0.743165 -0.0111868 30.4395 -0.00561547 -0.00999681 0.999934 -3.20056
-0.717883 0.696161 0.00211574 -68.2994 -0.696131 -0.717815 -0.0119731 29.4828 -0.00681649 -0.0100681 0.999926 -3.19706
-0.694632 0.719352 0.00442326 -69.2384 -0.719342 -0.694547 -0.0123007 28.5018 -0.00577636 -0.0117263 0.999915 -3.18852
-0.676856 0.736054 0.00949366 -70.1576 -0.736104 -0.676715 -0.0143994 27.4728 -0.00417426 -0.0167347 0.999851 -3.18106
-0.665286 0.746438 0.0150115 -71.0711 -0.74657 -0.664996 -0.0203201 26.4161 -0.00518509 -0.0247258 0.999681 -3.17622
-0.658693 0.752252 0.0154788 -71.9923 -0.752379 -0.658333 -0.0228659 25.3425 -0.00701071 -0.0267075 0.999619 -3.17113
-0.654592 0.755744 0.0189603 -72.8956 -0.755961 -0.654179 -0.023934 24.2839 -0.00568455 -0.0300002 0.999534 -3.16293
-0.65076 0.758882 0.0246879 -73.8264 -0.759247 -0.650066 -0.0309547 23.1697 -0.00744219 -0.0388883 0.999216 -3.16158
-0.648863 0.760486 0.0252433 -74.7418 -0.760859 -0.648102 -0.0325219 22.0687 -0.00837222 -0.0403089 0.999152 -3.15426
-0.648845 0.760282 0.0311664 -75.6761 -0.760864 -0.647754 -0.0387331 20.9387 -0.00925994 -0.0488452 0.998763 -3.15502
-0.653077 0.756591 0.0325595 -76.6231 -0.757148 -0.651513 -0.0475182 19.8169 -0.0147389 -0.0556854 0.99834 -3.15604
-0.663259 0.747519 0.0360927 -77.5579 -0.748182 -0.661165 -0.0555497 18.7001 -0.0176612 -0.0638478 0.997803 -3.16139
-0.675379 0.736693 0.0338606 -78.525 -0.737235 -0.673289 -0.0562702 17.603 -0.0186559 -0.0629669 0.997841 -3.17562
-0.69019 0.722502 0.0403503 -79.5025 -0.723448 -0.687704 -0.0607154 16.5207 -0.0161179 -0.0710965 0.997339 -3.18254
-0.703198 0.7099 0.0394331 -80.4928 -0.710772 -0.700508 -0.0639722 15.4777 -0.0177907 -0.0730131 0.997172 -3.20141
-0.716165 0.697183 0.032315 -81.5219 -0.6975 -0.713329 -0.0682239 14.4682 -0.0245133 -0.0713993 0.997147 -3.20595
-0.727141 0.685811 0.0304933 -82.5453 -0.686114 -0.72456 -0.0652729 13.4919 -0.0226707 -0.0683844 0.997401 -3.21661
-0.734348 0.678192 0.0280874 -83.5877 -0.678514 -0.732294 -0.0580121 12.5334 -0.0187751 -0.0616588 0.997921 -3.22378
-0.738005 0.674346 0.0246057 -84.6101 -0.674499 -0.736112 -0.0564866 11.5949 -0.0199789 -0.0582839 0.9981 -3.22943
-0.738163 0.674249 0.0224315 -85.6217 -0.674272 -0.736302 -0.056715 10.6635 -0.0217237 -0.0569899 0.998138 -3.24462
-0.734866 0.677954 0.0187388 -86.6219 -0.677871 -0.733339 -0.0520029 9.74245 -0.0215136 -0.0509177 0.998471 -3.25064
-0.729481 0.683755 0.0183513 -87.6144 -0.683724 -0.728157 -0.048051 8.81901 -0.0194925 -0.0475995 0.998676 -3.26122
-0.722214 0.691439 0.0178792 -88.5934 -0.691437 -0.721059 -0.0445975 7.88221 -0.0179445 -0.0445712 0.998845 -3.27798
-0.713321 0.700606 0.0180044 -89.5595 -0.700667 -0.712346 -0.0403589 6.92863 -0.0154503 -0.0414039 0.999023 -3.27521
-0.704564 0.709353 0.0201699 -90.5218 -0.709546 -0.703723 -0.0363184 5.94705 -0.0115686 -0.0399001 0.999137 -3.28422
-0.696277 0.717445 0.0217191 -91.4726 -0.717702 -0.695461 -0.0351727 4.93534 -0.0101297 -0.0400778 0.999145 -3.28334
-0.687715 0.725486 0.0268004 -92.4134 -0.725968 -0.687015 -0.0313126 3.92553 -0.00430462 -0.0409904 0.99915 -3.27164
-0.680754 0.732135 0.0234879 -93.3899 -0.732465 -0.680001 -0.0330553 2.87817 -0.00822916 -0.0397066 0.999177 -3.28405
-0.673591 0.738816 0.020623 -94.3466 -0.738985 -0.672722 -0.0366893 1.81844 -0.0132331 -0.0399537 0.999114 -3.27447
-0.663896 0.747463 0.0232645 -95.3134 -0.747768 -0.663142 -0.0329529 0.729062 -0.00920342 -0.0392738 0.999186 -3.29254
-0.650949 0.758849 0.0203162 -96.2851 -0.759003 -0.650141 -0.0350889 -0.405436 -0.0134188 -0.0382611 0.999178 -3.29526
-0.638214 0.76961 0.0195769 -97.2315 -0.769697 -0.637354 -0.0366825 -1.57819 -0.0157538 -0.0384796 0.999135 -3.29897
-0.625855 0.779686 0.0198611 -98.194 -0.779758 -0.624957 -0.0374955 -2.79427 -0.0168224 -0.0389536 0.999099 -3.30709
-0.614858 0.788402 0.0192793 -99.1614 -0.788405 -0.6139 -0.0393038 -4.03434 -0.0191516 -0.0393661 0.999041 -3.32795
-0.604561 0.796228 0.0229553 -100.122 -0.796348 -0.603489 -0.0403736 -5.32556 -0.0182933 -0.0426887 0.998921 -3.33782
-0.59783 0.801141 0.0277884 -101.077 -0.801438 -0.596589 -0.0421615 -6.63197 -0.017199 -0.0474761 0.998724 -3.35693
-0.592956 0.804795 0.0266004 -102.049 -0.804966 -0.591579 -0.045435 -7.97128 -0.0208296 -0.0483533 0.998613 -3.37513
-0.59041 0.806687 0.0259148 -103.012 -0.806796 -0.588996 -0.0465172 -9.2988 -0.0222611 -0.0483721 0.998581 -3.38877
-0.589656 0.807201 0.0270642 -103.96 -0.807328 -0.588134 -0.0481601 -10.6293 -0.0229575 -0.0502476 0.998473 -3.40568
-0.591293 0.806011 0.0268185 -104.911 -0.806133 -0.589787 -0.0479744 -11.9596 -0.0228507 -0.0499862 0.998488 -3.42814
-0.594299 0.803848 0.0252363 -105.869 -0.80392 -0.592875 -0.0470313 -13.2816 -0.0228441 -0.0482386 0.998575 -3.44355
-0.598163 0.801078 0.0217908 -106.822 -0.801022 -0.596872 -0.045904 -14.5721 -0.0237664 -0.0449129 0.998708 -3.46023
-0.601981 0.798264 0.0198678 -107.783 -0.798153 -0.60078 -0.0448853 -15.861 -0.0238942 -0.0428776 0.998795 -3.47415
-0.60719 0.7942 0.0237945 -108.711 -0.794316 -0.605999 -0.0427423 -17.1099 -0.0195265 -0.0448531 0.998803 -3.4958
-0.616274 0.787108 0.0258255 -109.649 -0.787308 -0.614985 -0.0440449 -18.3386 -0.0187858 -0.0474763 0.998696 -3.50597
-0.63064 0.775604 0.0270544 -110.577 -0.775768 -0.629025 -0.0501166 -19.534 -0.0218528 -0.0525935 0.998377 -3.51342
-0.647411 0.761649 0.027373 -111.54 -0.761812 -0.645659 -0.0526097 -20.694 -0.0223966 -0.0549132 0.99824 -3.51686
-0.667497 0.744102 0.0275567 -112.503 -0.744384 -0.665918 -0.0494465 -21.8121 -0.0184428 -0.0535181 0.998397 -3.53685
-0.688327 0.724885 0.0273359 -113.497 -0.725245 -0.686911 -0.0466188 -22.8787 -0.015016 -0.0519142 0.998539 -3.54357
-0.712514 0.701229 0.0245299 -114.496 -0.701464 -0.711059 -0.0484125 -23.8887 -0.016506 -0.0517014 0.998526 -3.54288
-0.740078 0.672065 0.0247534 -115.506 -0.672385 -0.738689 -0.0472882 -24.8532 -0.0134957 -0.0516408 0.998575 -3.54564
-0.769558 0.638172 0.0227564 -116.55 -0.638509 -0.768467 -0.0420089 -25.7331 -0.0093213 -0.0468584 0.998858 -3.54898
-0.799015 0.601087 0.0163985 -117.628 -0.601148 -0.797869 -0.0450152 -26.5675 -0.0139742 -0.0458258 0.998852 -3.53282
-0.829121 0.558986 0.00964777 -118.716 -0.558847 -0.828181 -0.0424992 -27.2983 -0.0157664 -0.0406286 0.99905 -3.5378
-0.862132 0.506676 0.00293682 -119.786 -0.506408 -0.861456 -0.0380033 -27.9536 -0.0167254 -0.0342511 0.999273 -3.54389
-0.895666 0.444634 -0.00914447 -120.889 -0.444027 -0.895219 -0.0377267 -28.5114 -0.0249608 -0.0297301 0.999246 -3.55096
-0.927733 0.372978 -0.014068 -121.996 -0.372262 -0.927367 -0.0375694 -28.9636 -0.0270587 -0.0296174 0.999195 -3.55306
-0.955487 0.293899 -0.0258377 -123.131 -0.293047 -0.955553 -0.0322758 -29.3212 -0.0341751 -0.0232675 0.999145 -3.58757
-0.97641 0.210846 -0.0465644 -124.306 -0.209654 -0.97734 -0.0291936 -29.5866 -0.0516646 -0.0187424 0.998489 -3.59602
-0.990009 0.12817 -0.0587811 -125.501 -0.127009 -0.991633 -0.0230965 -29.7039 -0.0612496 -0.0154 0.998004 -3.65339
-0.997054 0.0440062 -0.0628171 -126.677 -0.0429368 -0.998911 -0.0182742 -29.7654 -0.0635528 -0.0155232 0.997858 -3.69544
-0.996971 -0.0387344 -0.067442 -127.874 0.0399262 -0.999068 -0.0164138 -29.7221 -0.0667433 -0.0190567 0.997588 -3.77429
-0.989635 -0.119115 -0.0802178 -129.092 0.120519 -0.992627 -0.0128848 -29.5753 -0.0780917 -0.022419 0.996694 -3.81861
-0.975052 -0.199609 -0.0971096 -130.313 0.201899 -0.979303 -0.0142534 -29.3521 -0.0922545 -0.0335041 0.995172 -3.89997
-0.95409 -0.280724 -0.104435 -131.555 0.283626 -0.958836 -0.0137527 -29.0038 -0.0962757 -0.0427419 0.994437 -3.998
-0.926017 -0.359753 -0.114325 -132.793 0.363545 -0.931478 -0.0135316 -28.5458 -0.101623 -0.0540926 0.993351 -4.10324
-0.894656 -0.430217 -0.12043 -134.038 0.43481 -0.90042 -0.0135318 -27.9747 -0.102616 -0.0644703 0.99263 -4.22288
-0.860923 -0.493926 -0.121854 -135.272 0.498728 -0.866695 -0.0105319 -27.2797 -0.100409 -0.0698393 0.992492 -4.33926
-0.827233 -0.548268 -0.122836 -136.506 0.553228 -0.832994 -0.00768791 -26.4656 -0.0981067 -0.074316 0.992397 -4.47266
-0.795941 -0.592043 -0.126347 -137.774 0.597055 -0.802197 -0.00226201 -25.5505 -0.100016 -0.0772365 0.991984 -4.61114
-0.772309 -0.621592 -0.131 -139.035 0.626665 -0.779282 0.00318056 -24.538 -0.104063 -0.079637 0.991377 -4.76139
-0.756328 -0.640788 -0.131751 -140.299 0.645867 -0.763431 0.00539187 -23.4814 -0.104038 -0.0810155 0.991268 -4.90604
-0.7506 -0.64853 -0.126525 -141.586 0.652656 -0.757571 0.0112548 -22.3509 -0.103151 -0.0741294 0.9919 -5.05405
-0.750637 -0.64868 -0.125531 -142.919 0.652277 -0.75782 0.0156048 -21.212 -0.105252 -0.0701675 0.991967 -5.21998
-0.753355 -0.64595 -0.123311 -144.296 0.649213 -0.760415 0.0170499 -20.0383 -0.104781 -0.0672107 0.992222 -5.38516
-0.760198 -0.638264 -0.121319 -145.724 0.641271 -0.767114 0.0175432 -18.8217 -0.104263 -0.064462 0.992459 -5.56027
-0.768906 -0.627871 -0.120675 -147.232 0.630462 -0.775958 0.0201828 -17.5931 -0.106311 -0.0605623 0.992487 -5.7427
-0.777373 -0.61692 -0.122889 -148.843 0.619702 -0.784613 0.0187432 -16.3251 -0.107983 -0.0615841 0.992243 -5.96429
-0.782109 -0.610703 -0.123882 -150.496 0.613836 -0.78928 0.0155683 -15.0521 -0.107285 -0.0638674 0.992175 -6.17058
-0.782254 -0.609759 -0.127564 -152.211 0.613194 -0.789791 0.0149588 -13.7268 -0.10987 -0.0665196 0.991718 -6.38781
-0.779592 -0.613244 -0.127158 -153.943 0.61658 -0.787131 0.0159069 -12.3854 -0.109845 -0.0660021 0.991755 -6.60872
-0.775116 -0.618719 -0.12799 -155.713 0.622261 -0.782665 0.0150428 -10.9893 -0.109481 -0.0679833 0.991661 -6.83274
-0.769815 -0.624924 -0.129828 -157.497 0.628642 -0.777547 0.015171 -9.56901 -0.110428 -0.0699363 0.99142 -7.05174
-0.761873 -0.634346 -0.130977 -159.304 0.638356 -0.769611 0.0141561 -8.09822 -0.109781 -0.0728249 0.991284 -7.28178
-0.754423 -0.643029 -0.131756 -161.126 0.647231 -0.76217 0.0137534 -6.5813 -0.109264 -0.0749006 0.991187 -7.50508
-0.747474 -0.650924 -0.132592 -162.961 0.655296 -0.755251 0.0135289 -5.0214 -0.108947 -0.0767746 0.991078 -7.73127
-0.740716 -0.65746 -0.138149 -164.813 0.662175 -0.749197 0.0150827 -3.41057 -0.113417 -0.0803071 0.990297 -7.95198
-0.733615 -0.663573 -0.14656 -166.663 0.668262 -0.743607 0.0217651 -1.75354 -0.123426 -0.0819731 0.988962 -8.20678
-0.73171 -0.665682 -0.146519 -168.544 0.670232 -0.741792 0.0230827 -0.0671188 -0.124052 -0.0813118 0.988939 -8.50188
-0.73373 -0.666529 -0.131828 -170.384 0.670358 -0.741784 0.0194072 1.59556 -0.110723 -0.0741321 0.991083 -8.76353
-0.734655 -0.666063 -0.129007 -172.294 0.669412 -0.742572 0.0218016 3.31285 -0.110318 -0.0703423 0.991404 -9.00999
-0.734973 -0.665859 -0.128246 -174.286 0.668231 -0.743352 0.0299063 5.10473 -0.115245 -0.0637177 0.991291 -9.27215
-0.735573 -0.665085 -0.128819 -176.293 0.666641 -0.74446 0.0369989 6.91555 -0.120508 -0.0586604 0.990978 -9.5597
-0.737378 -0.664103 -0.123455 -178.341 0.66474 -0.745893 0.0420008 8.74444 -0.119977 -0.0510951 0.991461 -9.86186
-0.738991 -0.662807 -0.120746 -180.365 0.661979 -0.747667 0.0526966 10.5531 -0.125205 -0.0409889 0.991284 -10.1409
-0.740544 -0.66157 -0.117985 -182.356 0.659476 -0.749194 0.061645 12.3168 -0.129176 -0.0321573 0.9911 -10.4222
-0.740791 -0.661215 -0.118417 -184.261 0.658873 -0.74956 0.0636125 14.0122 -0.130822 -0.030898 0.990924 -10.7025
-0.742141 -0.659935 -0.117104 -186.121 0.657259 -0.750794 0.0657233 15.651 -0.131294 -0.0281915 0.990943 -10.9733
-0.743212 -0.658496 -0.118405 -187.909 0.655659 -0.752072 0.067082 17.2155 -0.133222 -0.0277773 0.990697 -11.2304
-0.744999 -0.656748 -0.116871 -189.626 0.65401 -0.753613 0.0658602 18.7101 -0.131329 -0.0273689 0.990961 -11.4694
-0.747182 -0.654304 -0.116646 -191.177 0.652387 -0.755563 0.0592873 20.0411 -0.126926 -0.0318002 0.991402 -11.6826
-0.748367 -0.653664 -0.112564 -192.624 0.652443 -0.756015 0.0525267 21.2866 -0.119435 -0.0341322 0.992255 -11.861
-0.749139 -0.652703 -0.113004 -193.904 0.652043 -0.756669 0.0478678 22.3728 -0.11675 -0.0378238 0.992441 -12.0113
-0.75112 -0.65063 -0.111799 -195.074 0.650433 -0.75833 0.043284 23.3642 -0.112942 -0.0402062 0.992788 -12.1484
-0.753405 -0.648042 -0.111451 -196.108 0.647601 -0.760645 0.0450771 24.2464 -0.113986 -0.0382144 0.992747 -12.2692
-0.760732 -0.640338 -0.106087 -196.993 0.639942 -0.767261 0.0422415 24.9842 -0.108445 -0.0357551 0.993459 -12.3577
-0.773398 -0.626744 -0.0951215 -197.773 0.626826 -0.77847 0.0327591 25.6052 -0.0945809 -0.0342888 0.994926 -12.4354
-0.785174 -0.612991 -0.0880023 -198.444 0.613851 -0.789165 0.0201236 26.1085 -0.0817839 -0.0382198 0.995917 -12.4938
-0.797654 -0.597255 -0.0838701 -199.024 0.598421 -0.801072 0.0132539 26.5343 -0.0751019 -0.0396176 0.996389 -12.5365
-0.813581 -0.576075 -0.0788913 -199.535 0.577255 -0.816512 0.00922747 26.885 -0.0697313 -0.0380331 0.996841 -12.5691
-0.831957 -0.549581 -0.0762159 -200.046 0.550979 -0.834513 0.00317678 27.1831 -0.0653491 -0.0393504 0.997086 -12.6038
-0.853841 -0.515517 -0.0720982 -200.571 0.517004 -0.85598 -0.0023247 27.4853 -0.0605162 -0.03926 0.997395 -12.636
-0.878597 -0.472184 -0.0714758 -201.118 0.47367 -0.880691 -0.0044325 27.7464 -0.0608551 -0.0377503 0.997432 -12.667
-0.904913 -0.419514 -0.0716948 -201.709 0.42105 -0.907009 -0.00712787 27.9788 -0.0620376 -0.0366372 0.997401 -12.7035
-0.9319 -0.3551 -0.0739298 -202.333 0.356916 -0.934052 -0.0125594 28.1751 -0.0645944 -0.0380909 0.997184 -12.7279
-0.956974 -0.280641 -0.0737664 -202.981 0.28313 -0.95874 -0.0255803 28.3051 -0.063544 -0.0453652 0.996947 -12.7625
-0.9773 -0.202932 -0.0608567 -203.612 0.204515 -0.978639 -0.0209587 28.4092 -0.0553035 -0.0329291 0.997926 -12.7995
-0.991314 -0.121653 -0.0499694 -204.284 0.122884 -0.99217 -0.0223335 28.467 -0.0468612 -0.02828 0.998501 -12.8146
-0.99871 -0.0343483 -0.0373858 -205.002 0.0355618 -0.998846 -0.0322944 28.4388 -0.0362334 -0.0335823 0.998779 -12.8622
-0.99785 0.0564797 -0.0332428 -205.725 -0.0553326 -0.997873 -0.0344716 28.3697 -0.035119 -0.0325581 0.998853 -12.8982
-0.988473 0.147966 -0.0320359 -206.506 -0.146861 -0.988556 -0.0344767 28.2265 -0.0367707 -0.0293744 0.998892 -12.9241
-0.971491 0.234448 -0.0352044 -207.323 -0.233478 -0.971913 -0.0295588 28.0218 -0.0411456 -0.0204966 0.998943 -12.952
-0.94931 0.31219 -0.0367257 -208.111 -0.311254 -0.949883 -0.0290449 27.7466 -0.0439526 -0.0161415 0.998903 -12.9688
-0.924499 0.379524 -0.0355284 -208.926 -0.378549 -0.925053 -0.0312741 27.3734 -0.0447349 -0.0154637 0.998879 -13.0065
-0.900155 0.434106 -0.035673 -209.756 -0.433141 -0.900766 -0.0317735 26.9399 -0.0459261 -0.0131496 0.998858 -13.0524
-0.877693 0.477886 -0.0357627 -210.667 -0.477043 -0.878375 -0.0297962 26.4557 -0.0456522 -0.00909157 0.998916 -13.0889
-0.855458 0.516645 -0.0356376 -211.606 -0.515871 -0.856176 -0.0289922 25.8712 -0.0454907 -0.00641721 0.998944 -13.1297
-0.830728 0.555602 -0.0346042 -212.579 -0.554928 -0.83144 -0.0276237 25.2226 -0.0441191 -0.00374494 0.999019 -13.1794
-0.805377 0.591645 -0.0363939 -213.599 -0.591018 -0.806198 -0.027229 24.4735 -0.0454506 -0.000420151 0.998967 -13.2275
-0.780633 0.623939 -0.0362077 -214.626 -0.623298 -0.781473 -0.0282958 23.6533 -0.0459502 0.000479559 0.998944 -13.2806
-0.757264 0.652097 -0.0363248 -215.65 -0.651465 -0.758133 -0.0287778 22.7555 -0.046305 0.00187191 0.998926 -13.3354
-0.735747 0.676254 -0.0368426 -216.702 -0.675547 -0.736666 -0.0309811 21.7816 -0.0480918 0.00209462 0.998841 -13.3905
-0.719816 0.693162 -0.0372925 -217.701 -0.692401 -0.720778 -0.0325676 20.7741 -0.0494542 0.00237872 0.998774 -13.4537
-0.709808 0.703553 -0.0344492 -218.734 -0.702664 -0.710643 -0.035365 19.7179 -0.0493622 -0.000896138 0.998781 -13.5081
-0.70498 0.708432 -0.033584 -219.808 -0.707518 -0.705777 -0.036005 18.6449 -0.04921 -0.00162153 0.998787 -13.5724
-0.701902 0.711498 -0.0332436 -220.899 -0.710503 -0.702683 -0.0377165 17.5108 -0.0501949 -0.00285361 0.998735 -13.6359
-0.699472 0.713975 -0.0312791 -222.006 -0.713007 -0.70016 -0.0373714 16.3796 -0.0485826 -0.00383804 0.998812 -13.6993
-0.69686 0.71653 -0.0311515 -223.126 -0.71557 -0.697547 -0.0372663 15.2258 -0.0484321 -0.00367834 0.99882 -13.7618
-0.694105 0.7191 -0.0333792 -224.252 -0.718032 -0.694899 -0.0393172 14.0515 -0.0514682 -0.00332293 0.998669 -13.8262
-0.691218 0.721891 -0.0330427 -225.39 -0.720806 -0.691997 -0.0397195 12.8444 -0.0515386 -0.00363743 0.998664 -13.8973
-0.690605 0.722529 -0.0318761 -226.552 -0.721456 -0.691327 -0.0396004 11.6299 -0.0506493 -0.00435109 0.998707 -13.9646
-0.693487 0.719769 -0.0317577 -227.706 -0.718679 -0.694197 -0.0398875 10.4031 -0.0507559 -0.00483785 0.998699 -14.036
-0.698645 0.714745 -0.0321668 -228.922 -0.713661 -0.699369 -0.0396291 9.17616 -0.0508211 -0.00473046 0.998697 -14.107
-0.703652 0.709745 -0.0337038 -230.158 -0.70869 -0.70445 -0.0388314 7.9275 -0.051303 -0.00343821 0.998677 -14.1803
-0.70713 0.706295 -0.033366 -231.416 -0.705289 -0.70791 -0.0378332 6.64824 -0.0503416 -0.00322035 0.998727 -14.2533
-0.710019 0.703352 -0.0341972 -232.665 -0.702304 -0.710834 -0.0385286 5.40167 -0.0514078 -0.0033392 0.998672 -14.3222
-0.711888 0.701521 -0.0329271 -233.941 -0.700428 -0.712631 -0.0394619 4.13043 -0.0511482 -0.00502945 0.998678 -14.3929
-0.713095 0.700325 -0.0322537 -235.218 -0.69925 -0.713804 -0.039146 2.86078 -0.0504377 -0.00536142 0.998713 -14.472
-0.71295 0.700375 -0.0343189 -236.482 -0.699256 -0.713762 -0.0398163 1.58401 -0.0523819 -0.00438932 0.998617 -14.5289
-0.711045 0.702194 -0.0365879 -237.756 -0.701073 -0.711981 -0.0397513 0.336131 -0.053963 -0.00261418 0.99854 -14.5898
-0.709201 0.703995 -0.0377542 -238.997 -0.702923 -0.710204 -0.0388516 -0.889985 -0.0541645 -0.00101528 0.998532 -14.6555
-0.707418 0.705883 -0.0359123 -240.247 -0.704724 -0.708321 -0.0405745 -2.1388 -0.0540782 -0.00339485 0.998531 -14.7317
-0.705042 0.708285 -0.0353223 -241.474 -0.707112 -0.705915 -0.0409421 -3.3853 -0.0539332 -0.00388904 0.998537 -14.8051
-0.701725 0.711579 -0.0351799 -242.698 -0.710385 -0.702595 -0.0413967 -4.62983 -0.0541743 -0.00405781 0.998523 -14.8732
-0.695307 0.717801 -0.0361823 -243.931 -0.716627 -0.696243 -0.0411289 -5.88084 -0.054714 -0.00266804 0.998499 -14.944
-0.68469 0.727859 -0.0377009 -245.135 -0.726889 -0.685725 -0.0376054 -7.14003 -0.0532239 0.00165636 0.998581 -15.024
-0.667451 0.74358 -0.0399706 -246.302 -0.742691 -0.668627 -0.0367097 -8.40085 -0.054022 0.00518392 0.998526 -15.0891
-0.645451 0.762563 -0.0434811 -247.429 -0.761626 -0.646863 -0.0386618 -9.69431 -0.0576083 0.008162 0.998306 -15.1468
-0.621917 0.781727 -0.0460567 -248.493 -0.780873 -0.623504 -0.0384772 -11.0372 -0.0587952 0.0120348 0.998198 -15.2184
-0.600487 0.798298 -0.0462169 -249.509 -0.797566 -0.602087 -0.0371471 -12.3761 -0.057481 0.0145547 0.99824 -15.2898
-0.587108 0.808608 -0.0381743 -250.449 -0.807689 -0.588296 -0.0393261 -13.7246 -0.0542572 0.00774431 0.998497 -15.3621
-0.585429 0.810036 -0.0333767 -251.397 -0.808865 -0.586378 -0.0435633 -15.0728 -0.0548592 0.00149408 0.998493 -15.4308
-0.594359 0.80359 -0.0313292 -252.35 -0.802156 -0.595174 -0.0481059 -16.408 -0.0573037 -0.00346122 0.998351 -15.4978
-0.613927 0.788827 -0.0290729 -253.337 -0.787421 -0.614584 -0.0474937 -17.7023 -0.055332 -0.00626508 0.998448 -15.5671
-0.639331 0.768387 -0.0289225 -254.363 -0.766687 -0.639886 -0.0523127 -18.988 -0.0587035 -0.0112706 0.998212 -15.639
-0.663738 0.747364 -0.0299638 -255.416 -0.745405 -0.664247 -0.0561019 -20.2115 -0.0618319 -0.0149019 0.997975 -15.7096
-0.687024 0.725974 -0.0309724 -256.522 -0.724164 -0.687578 -0.0531329 -21.4005 -0.0598691 -0.0140745 0.998107 -15.7775
-0.710277 0.703312 -0.029324 -257.658 -0.701534 -0.710681 -0.0527437 -22.5494 -0.0579353 -0.0168908 0.998177 -15.8532
-0.730172 0.68246 -0.0331171 -258.832 -0.680615 -0.730751 -0.0526032 -23.6696 -0.0601 -0.0158694 0.998066 -15.9266
-0.746543 0.664328 -0.0366376 -260.042 -0.662513 -0.747315 -0.050972 -24.7628 -0.0612419 -0.0137799 0.998028 -16.0053
-0.757611 0.651709 -0.0360873 -261.284 -0.650115 -0.75837 -0.0471755 -25.8376 -0.0581122 -0.0122798 0.998235 -16.077
-0.765682 0.642252 -0.035264 -262.529 -0.640564 -0.76635 -0.0488396 -26.8968 -0.0583919 -0.0148067 0.998184 -16.1536
-0.772363 0.634128 -0.0365755 -263.799 -0.632464 -0.773103 -0.0479649 -27.9521 -0.0586925 -0.0139136 0.998179 -16.223
-0.779166 0.6258 -0.0357064 -265.086 -0.624115 -0.77983 -0.0484285 -29.0045 -0.0581515 -0.0154489 0.998188 -16.3039
-0.785975 0.617217 -0.0358726 -266.383 -0.615423 -0.786602 -0.0501178 -30.0422 -0.059151 -0.0173145 0.998099 -16.3787
-0.791899 0.609404 -0.0390091 -267.718 -0.607539 -0.792695 -0.0503012 -31.0826 -0.0615761 -0.016134 0.997972 -16.4589
-0.795799 0.604235 -0.0400573 -269.066 -0.602408 -0.796662 -0.0493374 -32.1077 -0.0617235 -0.0151318 0.997979 -16.549
-0.798648 0.600699 -0.036374 -270.428 -0.59935 -0.799391 -0.0418801 -33.1219 -0.0542343 -0.0116467 0.99846 -16.6429
-0.800319 0.59845 -0.0367002 -271.819 -0.597042 -0.801065 -0.0428447 -34.1732 -0.0550397 -0.0123779 0.998407 -16.7161
-0.800938 0.597518 -0.0383443 -273.214 -0.59623 -0.8018 -0.0403219 -35.2168 -0.0548375 -0.00943333 0.998451 -16.7859
-0.800421 0.598113 -0.0398222 -274.609 -0.596697 -0.801347 -0.0423801 -36.2634 -0.0572595 -0.0101602 0.998308 -16.864
-0.797211 0.602199 -0.0425638 -276.038 -0.600791 -0.798308 -0.0418989 -37.3559 -0.0592105 -0.00783034 0.998215 -16.9455
-0.791337 0.609914 -0.0423143 -277.439 -0.60849 -0.792429 -0.0423866 -38.4338 -0.0593833 -0.00779427 0.998205 -17.0331
-0.783583 0.619891 -0.0416358 -278.829 -0.618547 -0.78466 -0.0413358 -39.5354 -0.0582936 -0.00663633 0.998277 -17.1167
-0.776137 0.629445 -0.0375603 -280.223 -0.628033 -0.77698 -0.0433183 -40.6705 -0.0564501 -0.0100318 0.998355 -17.2049
-0.771007 0.635817 -0.0358485 -281.663 -0.634494 -0.771778 -0.0421493 -41.8632 -0.0544664 -0.00975171 0.998468 -17.2914
-0.766894 0.640564 -0.0393932 -283.132 -0.639329 -0.767884 -0.040144 -43.0938 -0.0559642 -0.00560097 0.998417 -17.3881
-0.762594 0.645832 -0.0367543 -284.669 -0.644828 -0.763469 -0.036209 -44.3797 -0.0514457 -0.00391261 0.998668 -17.4876
-0.759788 0.649417 -0.031292 -286.211 -0.648468 -0.760401 -0.0357632 -45.7143 -0.0470197 -0.00688056 0.99887 -17.5712
-0.756365 0.653234 -0.0346093 -287.803 -0.651809 -0.757074 -0.0445413 -47.1158 -0.0552977 -0.0111308 0.998408 -17.6683
-0.750864 0.659231 -0.040217 -289.442 -0.657778 -0.751909 -0.0442761 -48.5423 -0.0594277 -0.00679145 0.99821 -17.7831
-0.745629 0.664611 -0.0482621 -291.063 -0.663298 -0.747189 -0.0417629 -49.9606 -0.063817 0.000872454 0.997961 -17.8918
-0.741256 0.669501 -0.048031 -292.67 -0.66842 -0.742801 -0.0382207 -51.4197 -0.0612662 0.00377356 0.998114 -17.9878
-0.739732 0.671477 -0.0437683 -294.289 -0.67012 -0.741022 -0.0427239 -52.9073 -0.0611214 -0.00227425 0.998128 -18.0937
-0.738704 0.672523 -0.0450515 -295.923 -0.67094 -0.740066 -0.0462892 -54.4093 -0.0644716 -0.00396719 0.997912 -18.2056
-0.737133 0.674041 -0.0479884 -297.571 -0.672601 -0.738694 -0.0440402 -55.91 -0.0651337 -0.000186454 0.997877 -18.3211
-0.735656 0.6758 -0.0458688 -299.189 -0.674744 -0.737078 -0.0379035 -57.3981 -0.0594241 0.00306569 0.998228 -18.4182
-0.734073 0.677273 -0.049371 -300.826 -0.676106 -0.73572 -0.0399467 -58.9234 -0.0633781 0.00405623 0.997981 -18.5207
-0.732464 0.679018 -0.0492957 -302.404 -0.677839 -0.734111 -0.0402049 -60.404 -0.0634884 0.00396585 0.997975 -18.6255
-0.730812 0.680882 -0.0481049 -303.987 -0.679718 -0.732385 -0.0399437 -61.881 -0.0624283 0.00350644 0.998043 -18.7326
-0.729095 0.682884 -0.0457207 -305.553 -0.68173 -0.730523 -0.0397382 -63.3505 -0.0605366 0.0021963 0.998164 -18.8433
-0.726706 0.685432 -0.045628 -307.126 -0.684354 -0.72813 -0.0385594 -64.8274 -0.0596529 0.00320439 0.998214 -18.9377
-0.725144 0.687098 -0.045425 -308.681 -0.685904 -0.726563 -0.0405233 -66.3174 -0.0608476 0.00177198 0.998145 -19.0382
-0.723933 0.688357 -0.0456713 -310.242 -0.687035 -0.725372 -0.0426474 -67.8182 -0.0624853 0.00050392 0.998046 -19.1395
-0.722409 0.689943 -0.0458657 -311.794 -0.688595 -0.723863 -0.0431201 -69.3074 -0.062951 0.000432524 0.998017 -19.2435
-0.7243 0.688069 -0.0441785 -313.32 -0.686713 -0.725645 -0.0431728 -70.7703 -0.0617637 -0.000932121 0.99809 -19.3432
-0.72692 0.685352 -0.0433554 -314.859 -0.683783 -0.7282 -0.0465312 -72.2566 -0.0634616 -0.00417879 0.997976 -19.4437
-0.730877 0.681134 -0.0433056 -316.4 -0.679618 -0.732148 -0.0455852 -73.6979 -0.0627558 -0.00388591 0.998021 -19.5566
-0.734592 0.67713 -0.0432462 -317.96 -0.675659 -0.735854 -0.0447625 -75.1473 -0.0621329 -0.00366244 0.998061 -19.6595
-0.738342 0.673056 -0.0429823 -319.526 -0.671615 -0.739582 -0.0441764 -76.572 -0.0615221 -0.00374974 0.998099 -19.7603
-0.74204 0.668923 -0.0437882 -321.118 -0.667427 -0.74332 -0.0449112 -78.0157 -0.0625908 -0.0041005 0.998031 -19.8609
-0.745664 0.664847 -0.044317 -322.673 -0.663396 -0.746971 -0.0440428 -79.4089 -0.0623853 -0.00344136 0.998046 -19.9648
-0.749771 0.66034 -0.0423564 -324.222 -0.659003 -0.750957 -0.0421646 -80.8031 -0.0596509 -0.00370082 0.998212 -20.0635
-0.75402 0.655471 -0.0425648 -325.794 -0.653901 -0.75519 -0.0458446 -82.1786 -0.0621943 -0.00673451 0.998041 -20.1596
-0.75854 0.650214 -0.0428782 -327.336 -0.648497 -0.759702 -0.048007 -83.5331 -0.0637895 -0.00860889 0.997926 -20.2591
-0.762748 0.645196 -0.0440228 -328.857 -0.643402 -0.763964 -0.0489094 -84.8235 -0.065188 -0.00898115 0.997833 -20.3559
-0.766256 0.641064 -0.0434677 -330.335 -0.639309 -0.767433 -0.0482791 -86.0769 -0.0643085 -0.00920485 0.997888 -20.4536
-0.769344 0.637345 -0.0436034 -331.795 -0.635583 -0.770521 -0.0482934 -87.2885 -0.0643769 -0.00944062 0.997881 -20.5505
-0.770361 0.636206 -0.0422623 -333.194 -0.634502 -0.771457 -0.0475438 -88.4643 -0.0628511 -0.00981036 0.997975 -20.6486
-0.770384 0.636222 -0.0415821 -334.561 -0.634432 -0.771422 -0.0490328 -89.6043 -0.0632731 -0.0113931 0.997931 -20.7276
-0.768719 0.638127 -0.0431881 -335.915 -0.636287 -0.769857 -0.0495836 -90.7352 -0.0648893 -0.0106358 0.997836 -20.8174
