0.9798 -0.1868 0.0719 3577.5101 -0.1878 -0.9822 0.0067 -1313.8566 0.0694 -0.0201 -0.9974 221.3502
0.9605 -0.2678 0.0761 3578.7409 -0.2684 -0.9633 -0.0024 -1314.1199 0.0739 -0.0181 -0.9971 221.4148
0.9471 -0.3140 0.0660 3579.2437 -0.3135 -0.9494 -0.0179 -1314.2408 0.0683 -0.0037 -0.9977 221.4527
0.9282 -0.3674 0.0585 3579.7910 -0.3666 -0.9301 -0.0236 -1314.4200 0.0631 0.0005 -0.9980 221.4864
0.9020 -0.4274 0.0607 3580.3589 -0.4270 -0.9040 -0.0197 -1314.6650 0.0633 -0.0081 -0.9980 221.5244
0.8674 -0.4942 0.0582 3580.9559 -0.4942 -0.8692 -0.0152 -1314.9676 0.0581 -0.0155 -0.9982 221.5646
0.8221 -0.5673 0.0482 3581.5656 -0.5674 -0.8233 -0.0145 -1315.3273 0.0479 -0.0154 -0.9987 221.6002
0.7667 -0.6408 0.0394 3582.1489 -0.6413 -0.7673 0.0008 -1315.7684 0.0297 -0.0259 -0.9992 221.6480
0.7004 -0.7131 0.0312 3582.7152 -0.7136 -0.7004 0.0124 -1316.2783 0.0130 -0.0310 -0.9994 221.6849
0.6249 -0.7801 0.0304 3583.2445 -0.7807 -0.6246 0.0205 -1316.8685 0.0030 -0.0365 -0.9993 221.7012
0.5401 -0.8409 0.0342 3583.7324 -0.8416 -0.5393 0.0304 -1317.5513 -0.0071 -0.0451 -0.9990 221.7090
0.4506 -0.8921 0.0337 3584.1852 -0.8926 -0.4498 0.0305 -1318.3169 -0.0121 -0.0438 -0.9990 221.6921
0.3628 -0.9314 0.0308 3584.5825 -0.9316 -0.3617 0.0345 -1319.1713 -0.0210 -0.0412 -0.9989 221.6844
0.2792 -0.9597 0.0309 3584.9136 -0.9599 -0.2781 0.0359 -1320.1075 -0.0258 -0.0397 -0.9989 221.6631
0.1992 -0.9793 0.0345 3585.1707 -0.9797 -0.1982 0.0317 -1321.1241 -0.0242 -0.0402 -0.9989 221.6312
0.1254 -0.9914 0.0361 3585.3572 -0.9918 -0.1245 0.0278 -1322.2094 -0.0231 -0.0393 -0.9990 221.5957
0.0645 -0.9971 0.0406 3585.4727 -0.9976 -0.0634 0.0280 -1323.3704 -0.0254 -0.0424 -0.9988 221.5594
0.0200 -0.9988 0.0441 3585.5262 -0.9993 -0.0186 0.0312 -1324.5921 -0.0303 -0.0447 -0.9985 221.5264
-0.0092 -0.9989 0.0459 3585.5345 -0.9993 0.0108 0.0344 -1325.8713 -0.0349 -0.0456 -0.9984 221.4882
-0.0282 -0.9985 0.0463 3585.5110 -0.9989 0.0300 0.0371 -1327.2059 -0.0385 -0.0452 -0.9982 221.4415
-0.0461 -0.9979 0.0454 3585.4627 -0.9980 0.0479 0.0407 -1328.5861 -0.0428 -0.0434 -0.9981 221.3884
-0.0648 -0.9969 0.0439 3585.3897 -0.9967 0.0668 0.0461 -1329.9884 -0.0489 -0.0408 -0.9980 221.3314
-0.0861 -0.9953 0.0446 3585.2827 -0.9949 0.0883 0.0493 -1331.4097 -0.0530 -0.0401 -0.9978 221.2717
-0.1155 -0.9925 0.0405 3585.1485 -0.9918 0.1174 0.0496 -1332.8509 -0.0539 -0.0345 -0.9979 221.1989
-0.1533 -0.9873 0.0422 3584.9555 -0.9867 0.1553 0.0477 -1334.3083 -0.0537 -0.0343 -0.9980 221.1263
-0.1913 -0.9805 0.0449 3584.6948 -0.9801 0.1933 0.0450 -1335.7743 -0.0528 -0.0353 -0.9980 221.0531
-0.2326 -0.9716 0.0429 3584.3773 -0.9711 0.2345 0.0455 -1337.2434 -0.0543 -0.0311 -0.9980 220.9813
-0.2773 -0.9599 0.0409 3583.9943 -0.9592 0.2790 0.0446 -1338.7032 -0.0543 -0.0269 -0.9982 220.9155
-0.3230 -0.9457 0.0361 3583.5403 -0.9449 0.3244 0.0430 -1340.1507 -0.0524 -0.0203 -0.9984 220.8479
-0.3735 -0.9268 0.0384 3583.0063 -0.9264 0.3748 0.0352 -1341.5748 -0.0470 -0.0224 -0.9986 220.7884
-0.4232 -0.9050 0.0434 3582.3878 -0.9052 0.4244 0.0233 -1342.9737 -0.0395 -0.0294 -0.9988 220.7322
-0.4716 -0.8806 0.0465 3581.6883 -0.8813 0.4725 0.0105 -1344.3499 -0.0312 -0.0361 -0.9989 220.6827
-0.5189 -0.8539 0.0399 3580.9054 -0.8548 0.5188 -0.0127 -1345.7102 -0.0098 -0.0407 -0.9991 220.6366
-0.5638 -0.8256 0.0233 3580.0411 -0.8257 0.5630 -0.0354 -1347.0716 0.0161 -0.0392 -0.9991 220.6041
-0.6088 -0.7932 0.0135 3579.0816 -0.7927 0.6075 -0.0508 -1348.4319 0.0321 -0.0417 -0.9986 220.6139
-0.6493 -0.7602 0.0199 3578.0082 -0.7601 0.6479 -0.0509 -1349.7766 0.0259 -0.0482 -0.9985 220.6553
-0.6799 -0.7326 0.0332 3576.8317 -0.7332 0.6780 -0.0526 -1351.0955 0.0160 -0.0601 -0.9981 220.6989
-0.7021 -0.7113 0.0332 3575.5915 -0.7118 0.7000 -0.0575 -1352.4034 0.0176 -0.0640 -0.9978 220.7187
-0.7273 -0.6856 0.0316 3572.9289 -0.6862 0.7254 -0.0547 -1355.0255 0.0146 -0.0615 -0.9980 220.7658
-0.7325 -0.6801 0.0306 3571.5268 -0.6807 0.7310 -0.0473 -1356.3548 0.0098 -0.0554 -0.9984 220.7878
-0.7348 -0.6777 0.0283 3570.0936 -0.6782 0.7336 -0.0437 -1357.6944 0.0089 -0.0513 -0.9986 220.8034
-0.7363 -0.6761 0.0261 3568.6325 -0.6766 0.7352 -0.0414 -1359.0455 0.0087 -0.0481 -0.9988 220.8163
-0.7364 -0.6761 0.0245 3567.1563 -0.6765 0.7355 -0.0383 -1360.4063 0.0079 -0.0447 -0.9990 220.8274
-0.7354 -0.6771 0.0245 3565.6588 -0.6775 0.7345 -0.0381 -1361.7797 0.0078 -0.0446 -0.9990 220.8426
-0.7335 -0.6793 0.0240 3564.1449 -0.6797 0.7325 -0.0380 -1363.1669 0.0082 -0.0442 -0.9990 220.8555
-0.7318 -0.6811 0.0229 3562.6214 -0.6814 0.7309 -0.0376 -1364.5787 0.0088 -0.0431 -0.9990 220.8708
-0.7306 -0.6825 0.0184 3561.0864 -0.6827 0.7298 -0.0373 -1366.0110 0.0121 -0.0398 -0.9991 220.8838
-0.7298 -0.6834 0.0180 3559.5334 -0.6836 0.7291 -0.0341 -1367.4625 0.0102 -0.0372 -0.9993 220.9059
-0.7302 -0.6829 0.0207 3557.9609 -0.6832 0.7295 -0.0320 -1368.9326 0.0068 -0.0375 -0.9993 220.9262
-0.7303 -0.6827 0.0227 3556.3682 -0.6831 0.7295 -0.0353 -1370.4119 0.0075 -0.0413 -0.9991 220.9395
-0.7304 -0.6827 0.0223 3554.7696 -0.6829 0.7294 -0.0400 -1371.9005 0.0110 -0.0444 -0.9990 220.9557
-0.7308 -0.6821 0.0278 3553.1739 -0.6826 0.7297 -0.0392 -1373.3920 0.0064 -0.0476 -0.9988 220.9834
-0.7315 -0.6814 0.0262 3551.5840 -0.6819 0.7307 -0.0332 -1374.8810 0.0035 -0.0422 -0.9991 221.0039
-0.7337 -0.6791 0.0213 3549.9926 -0.6794 0.7329 -0.0361 -1376.3703 0.0089 -0.0410 -0.9991 221.0116
-0.7353 -0.6775 0.0192 3548.4072 -0.6777 0.7345 -0.0352 -1377.8460 0.0098 -0.0389 -0.9992 221.0347
-0.7361 -0.6761 0.0319 3546.8222 -0.6768 0.7359 -0.0221 -1379.3165 -0.0085 -0.0378 -0.9992 221.0662
-0.7369 -0.6752 0.0328 3545.2481 -0.6759 0.7366 -0.0231 -1380.7728 -0.0086 -0.0392 -0.9992 221.0527
-0.7370 -0.6751 0.0313 3543.6704 -0.6759 0.7362 -0.0349 -1382.2152 0.0005 -0.0469 -0.9989 221.0374
-0.7350 -0.6772 0.0344 3542.0969 -0.6781 0.7344 -0.0286 -1383.6626 -0.0059 -0.0444 -0.9990 221.0408
-0.7327 -0.6797 0.0342 3540.5360 -0.6804 0.7327 -0.0128 -1385.1227 -0.0164 -0.0327 -0.9993 221.0326
-0.7284 -0.6843 0.0347 3538.9816 -0.6849 0.7287 -0.0069 -1386.5793 -0.0206 -0.0288 -0.9994 221.0036
-0.7182 -0.6948 0.0382 3537.4289 -0.6957 0.7181 -0.0174 -1388.0294 -0.0154 -0.0391 -0.9991 220.9680
-0.7022 -0.7106 0.0447 3535.8957 -0.7119 0.7019 -0.0253 -1389.5012 -0.0134 -0.0496 -0.9987 220.9432
-0.6843 -0.7278 0.0452 3534.4084 -0.7290 0.6843 -0.0194 -1391.0260 -0.0168 -0.0462 -0.9988 220.9191
-0.6640 -0.7460 0.0506 3532.9540 -0.7474 0.6642 -0.0160 -1392.5885 -0.0217 -0.0485 -0.9986 220.8845
-0.6428 -0.7648 0.0424 3531.5438 -0.7659 0.6424 -0.0245 -1394.1932 -0.0085 -0.0482 -0.9988 220.8483
-0.6219 -0.7824 0.0333 3530.1723 -0.7831 0.6210 -0.0329 -1395.8462 0.0050 -0.0465 -0.9989 220.8264
-0.6004 -0.7990 0.0333 3528.8365 -0.7997 0.5998 -0.0276 -1397.5454 0.0021 -0.0432 -0.9991 220.8411
-0.5849 -0.8107 0.0253 3527.5471 -0.8110 0.5841 -0.0333 -1399.2837 0.0123 -0.0400 -0.9991 220.8445
-0.5745 -0.8184 0.0158 3526.2931 -0.8183 0.5738 -0.0333 -1401.0497 0.0182 -0.0321 -0.9993 220.8739
-0.5671 -0.8235 0.0168 3525.0474 -0.8236 0.5667 -0.0230 -1402.8398 0.0094 -0.0269 -0.9996 220.9120
-0.5640 -0.8258 0.0089 3523.8193 -0.8258 0.5639 -0.0106 -1404.6508 0.0038 -0.0133 -0.9999 220.9324
-0.5579 -0.8299 0.0043 3522.5958 -0.8298 0.5577 -0.0213 -1406.4605 0.0153 -0.0154 -0.9998 220.9402
-0.5476 -0.8367 0.0083 3521.3795 -0.8367 0.5474 -0.0191 -1408.2848 0.0114 -0.0174 -0.9998 220.9794
-0.5367 -0.8437 0.0111 3520.1844 -0.8437 0.5364 -0.0204 -1410.1251 0.0112 -0.0203 -0.9997 221.0028
-0.5239 -0.8517 0.0084 3519.0087 -0.8516 0.5236 -0.0266 -1411.9843 0.0183 -0.0211 -0.9996 221.0296
-0.5082 -0.8611 0.0136 3517.8522 -0.8611 0.5078 -0.0254 -1413.8640 0.0150 -0.0246 -0.9996 221.0707
-0.4917 -0.8706 0.0141 3516.7372 -0.8707 0.4914 -0.0224 -1415.7712 0.0126 -0.0232 -0.9997 221.1045
-0.4758 -0.8794 0.0169 3515.6562 -0.8795 0.4754 -0.0238 -1417.6930 0.0129 -0.0262 -0.9996 221.1347
-0.4611 -0.8869 0.0299 3514.5967 -0.8873 0.4605 -0.0250 -1419.6181 0.0084 -0.0380 -0.9992 221.1775
-0.4487 -0.8932 0.0309 3513.5926 -0.8937 0.4480 -0.0253 -1421.5467 0.0088 -0.0390 -0.9992 221.2027
-0.4383 -0.8984 0.0288 3512.6379 -0.8988 0.4379 -0.0215 -1423.4675 0.0067 -0.0353 -0.9994 221.2297
-0.4311 -0.9019 0.0281 3511.7192 -0.9023 0.4309 -0.0122 -1425.3743 -0.0011 -0.0306 -0.9995 221.2547
-0.4272 -0.9038 0.0244 3510.8260 -0.9041 0.4269 -0.0179 -1427.2543 0.0057 -0.0297 -0.9995 221.2622
-0.4253 -0.9048 0.0208 3509.9489 -0.9050 0.4249 -0.0196 -1429.1296 0.0089 -0.0271 -0.9996 221.2826
-0.4242 -0.9054 0.0142 3509.0875 -0.9055 0.4240 -0.0173 -1430.9837 0.0097 -0.0203 -0.9997 221.3039
-0.4249 -0.9051 0.0127 3508.2437 -0.9051 0.4247 -0.0197 -1432.7988 0.0124 -0.0198 -0.9997 221.3322
-0.4235 -0.9058 0.0141 3507.4069 -0.9057 0.4230 -0.0268 -1434.5835 0.0183 -0.0241 -0.9995 221.3625
-0.4148 -0.9095 0.0253 3506.5715 -0.9098 0.4144 -0.0219 -1436.3495 0.0094 -0.0321 -0.9994 221.4100
-0.4002 -0.9160 0.0296 3505.7692 -0.9164 0.3996 -0.0251 -1438.1142 0.0112 -0.0372 -0.9992 221.4410
-0.3825 -0.9235 0.0294 3505.0105 -0.9238 0.3818 -0.0278 -1439.8846 0.0144 -0.0378 -0.9992 221.4652
-0.3624 -0.9314 0.0340 3504.2818 -0.9319 0.3614 -0.0317 -1441.6593 0.0172 -0.0432 -0.9989 221.4970
-0.3413 -0.9389 0.0436 3503.5856 -0.9398 0.3400 -0.0358 -1443.4415 0.0188 -0.0532 -0.9984 221.5354
-0.3208 -0.9466 0.0315 3502.9500 -0.9464 0.3191 -0.0501 -1445.2349 0.0374 -0.0458 -0.9982 221.5745
-0.3031 -0.9527 0.0217 3502.3574 -0.9519 0.3016 -0.0546 -1447.0509 0.0454 -0.0371 -0.9983 221.6387
-0.2898 -0.9570 0.0152 3501.7950 -0.9559 0.2886 -0.0553 -1448.8605 0.0485 -0.0305 -0.9984 221.7275
-0.2841 -0.9587 0.0129 3501.2504 -0.9573 0.2829 -0.0590 -1450.6783 0.0529 -0.0291 -0.9982 221.8120
-0.2835 -0.9588 0.0163 3500.7138 -0.9579 0.2824 -0.0514 -1452.4975 0.0447 -0.0302 -0.9985 221.9158
-0.2803 -0.9597 0.0221 3500.1704 -0.9590 0.2790 -0.0499 -1454.3043 0.0417 -0.0352 -0.9985 222.0035
-0.2685 -0.9629 0.0263 3499.6403 -0.9624 0.2670 -0.0497 -1456.1089 0.0409 -0.0386 -0.9984 222.0813
-0.2525 -0.9674 0.0206 3499.1488 -0.9668 0.2514 -0.0466 -1457.9208 0.0399 -0.0316 -0.9987 222.1550
-0.2351 -0.9718 0.0164 3498.6882 -0.9709 0.2340 -0.0505 -1459.7366 0.0452 -0.0278 -0.9986 222.2269
-0.2159 -0.9761 0.0262 3498.2529 -0.9756 0.2146 -0.0463 -1461.5574 0.0396 -0.0355 -0.9986 222.3137
-0.1914 -0.9808 0.0374 3497.8548 -0.9809 0.1897 -0.0432 -1463.3702 0.0353 -0.0450 -0.9984 222.3923
-0.1660 -0.9855 0.0346 3497.5206 -0.9855 0.1646 -0.0412 -1465.1733 0.0349 -0.0410 -0.9985 222.4549
-0.1411 -0.9895 0.0307 3497.2411 -0.9898 0.1403 -0.0256 -1466.9668 0.0211 -0.0340 -0.9992 222.5173
-0.1171 -0.9927 0.0278 3497.0129 -0.9931 0.1168 -0.0121 -1468.7483 0.0088 -0.0290 -0.9995 222.5659
-0.0925 -0.9953 0.0284 3496.8225 -0.9957 0.0923 -0.0081 -1470.5148 0.0054 -0.0290 -0.9996 222.5894
-0.0697 -0.9971 0.0311 3496.6675 -0.9976 0.0696 -0.0045 -1472.2718 0.0024 -0.0313 -0.9995 222.6060
-0.0479 -0.9984 0.0290 3496.5627 -0.9986 0.0471 -0.0260 -1474.0051 0.0246 -0.0302 -0.9992 222.6066
-0.0258 -0.9992 0.0318 3496.4912 -0.9994 0.0251 -0.0223 -1475.7304 0.0215 -0.0324 -0.9992 222.6337
-0.0016 -0.9994 0.0340 3496.4559 -1.0000 0.0018 0.0055 -1477.4361 -0.0055 -0.0340 -0.9994 222.6876
0.0211 -0.9990 0.0387 3496.4524 -0.9998 -0.0209 0.0061 -1479.0860 -0.0053 -0.0388 -0.9992 222.6837
0.0424 -0.9984 0.0368 3496.4978 -0.9991 -0.0420 0.0113 -1480.6997 -0.0097 -0.0373 -0.9993 222.6875
0.0648 -0.9972 0.0378 3496.5694 -0.9978 -0.0641 0.0183 -1482.2784 -0.0158 -0.0389 -0.9991 222.6807
0.0892 -0.9952 0.0394 3496.6769 -0.9959 -0.0885 0.0195 -1483.7726 -0.0159 -0.0409 -0.9990 222.6677
0.1147 -0.9927 0.0382 3496.8330 -0.9934 -0.1144 0.0101 -1485.2599 -0.0056 -0.0391 -0.9992 222.6435
0.1374 -0.9899 0.0354 3497.0293 -0.9905 -0.1370 0.0126 -1486.7462 -0.0076 -0.0368 -0.9993 222.6391
0.1528 -0.9879 0.0261 3497.2554 -0.9881 -0.1522 0.0230 -1488.2245 -0.0188 -0.0293 -0.9994 222.6363
0.1583 -0.9870 0.0270 3497.4819 -0.9871 -0.1575 0.0291 -1489.6760 -0.0245 -0.0313 -0.9992 222.6263
0.1602 -0.9865 0.0352 3497.6959 -0.9869 -0.1594 0.0227 -1491.0857 -0.0168 -0.0384 -0.9991 222.5971
0.1569 -0.9871 0.0329 3497.9201 -0.9875 -0.1563 0.0201 -1492.4635 -0.0147 -0.0357 -0.9993 222.5746
0.1490 -0.9883 0.0337 3498.1288 -0.9886 -0.1482 0.0256 -1493.8383 -0.0204 -0.0371 -0.9991 222.5636
0.1303 -0.9911 0.0290 3498.3322 -0.9912 -0.1295 0.0262 -1495.2091 -0.0222 -0.0322 -0.9992 222.5416
0.1065 -0.9939 0.0295 3498.5017 -0.9940 -0.1056 0.0285 -1496.5760 -0.0252 -0.0324 -0.9992 222.5122
0.0842 -0.9960 0.0311 3498.6325 -0.9963 -0.0835 0.0220 -1497.9328 -0.0193 -0.0328 -0.9993 222.4857
0.0673 -0.9971 0.0355 3498.7331 -0.9977 -0.0668 0.0151 -1499.2853 -0.0127 -0.0364 -0.9993 222.4503
0.0546 -0.9978 0.0381 3498.8142 -0.9983 -0.0537 0.0224 -1500.6404 -0.0203 -0.0393 -0.9990 222.4410
0.0472 -0.9982 0.0364 3498.8882 -0.9986 -0.0464 0.0237 -1501.9823 -0.0219 -0.0375 -0.9991 222.4214
0.0443 -0.9983 0.0390 3498.9454 -0.9987 -0.0433 0.0271 -1503.3176 -0.0254 -0.0401 -0.9989 222.3946
0.0439 -0.9980 0.0465 3498.9920 -0.9988 -0.0428 0.0244 -1504.6425 -0.0223 -0.0475 -0.9986 222.3748
0.0480 -0.9979 0.0443 3499.0521 -0.9987 -0.0472 0.0193 -1505.9552 -0.0172 -0.0451 -0.9988 222.3362
0.0572 -0.9970 0.0524 3499.1037 -0.9979 -0.0556 0.0323 -1507.2707 -0.0293 -0.0542 -0.9981 222.3263
0.0666 -0.9967 0.0461 3499.1851 -0.9971 -0.0647 0.0410 -1508.5797 -0.0379 -0.0487 -0.9981 222.2977
0.0767 -0.9962 0.0419 3499.2763 -0.9962 -0.0749 0.0436 -1509.8807 -0.0403 -0.0451 -0.9982 222.2556
0.0840 -0.9956 0.0424 3499.3716 -0.9956 -0.0821 0.0444 -1511.1857 -0.0407 -0.0460 -0.9981 222.2070
0.0952 -0.9947 0.0384 3499.4881 -0.9946 -0.0935 0.0441 -1512.4981 -0.0403 -0.0424 -0.9983 222.1519
0.1109 -0.9931 0.0377 3499.6167 -0.9930 -0.1092 0.0459 -1513.8261 -0.0415 -0.0425 -0.9982 222.1004
0.1258 -0.9914 0.0358 3499.7712 -0.9912 -0.1242 0.0450 -1515.1690 -0.0402 -0.0412 -0.9983 222.0458
0.1378 -0.9901 0.0279 3499.9573 -0.9894 -0.1364 0.0490 -1516.5360 -0.0447 -0.0344 -0.9984 221.9861
0.1466 -0.9888 0.0265 3500.1543 -0.9876 -0.1448 0.0602 -1517.9284 -0.0557 -0.0350 -0.9978 221.9332
0.1501 -0.9885 0.0163 3500.3719 -0.9871 -0.1489 0.0581 -1519.3238 -0.0550 -0.0248 -0.9982 221.8629
0.1517 -0.9884 0.0116 3500.5875 -0.9875 -0.1510 0.0459 -1520.7122 -0.0436 -0.0184 -0.9989 221.7771
0.1503 -0.9886 0.0053 3500.8117 -0.9876 -0.1499 0.0462 -1522.1198 -0.0449 -0.0122 -0.9989 221.7148
0.1485 -0.9889 0.0032 3501.0350 -0.9879 -0.1483 0.0448 -1523.5369 -0.0439 -0.0098 -0.9990 221.6532
0.1473 -0.9891 0.0093 3501.2424 -0.9883 -0.1468 0.0415 -1524.9650 -0.0397 -0.0153 -0.9991 221.5927
0.1456 -0.9892 0.0134 3501.4560 -0.9888 -0.1451 0.0364 -1526.4156 -0.0341 -0.0186 -0.9992 221.5343
0.1437 -0.9894 0.0199 3501.6663 -0.9890 -0.1429 0.0373 -1527.9003 -0.0341 -0.0250 -0.9991 221.4791
0.1441 -0.9894 0.0152 3501.8906 -0.9888 -0.1433 0.0426 -1529.4164 -0.0399 -0.0212 -0.9990 221.4287
0.1471 -0.9890 0.0165 3502.1134 -0.9888 -0.1466 0.0271 -1530.9475 -0.0244 -0.0203 -0.9995 221.3647
0.1509 -0.9885 0.0063 3502.3654 -0.9881 -0.1506 0.0308 -1532.5200 -0.0295 -0.0108 -0.9995 221.3072
0.1545 -0.9880 0.0017 3502.6220 -0.9865 -0.1541 0.0556 -1534.1459 -0.0547 -0.0103 -0.9985 221.2687
0.1592 -0.9872 0.0073 3502.8798 -0.9857 -0.1585 0.0563 -1535.7940 -0.0545 -0.0161 -0.9984 221.1890
0.1635 -0.9864 0.0131 3503.1480 -0.9856 -0.1628 0.0451 -1537.4731 -0.0424 -0.0203 -0.9989 221.0848
0.1664 -0.9860 0.0115 3503.4376 -0.9853 -0.1658 0.0416 -1539.1921 -0.0392 -0.0183 -0.9991 221.0062
0.1690 -0.9856 0.0102 3503.7341 -0.9847 -0.1684 0.0441 -1540.9388 -0.0417 -0.0175 -0.9990 220.9323
0.1733 -0.9848 0.0144 3504.0321 -0.9836 -0.1723 0.0540 -1542.7073 -0.0507 -0.0235 -0.9984 220.8595
0.1787 -0.9837 0.0220 3504.3282 -0.9814 -0.1766 0.0747 -1544.4950 -0.0696 -0.0349 -0.9970 220.7811
0.1845 -0.9826 0.0206 3504.6534 -0.9813 -0.1830 0.0594 -1546.2595 -0.0546 -0.0312 -0.9980 220.6648
0.1886 -0.9819 0.0151 3504.9978 -0.9811 -0.1876 0.0481 -1548.0328 -0.0444 -0.0239 -0.9987 220.5582
0.1947 -0.9808 0.0138 3505.3455 -0.9798 -0.1938 0.0494 -1549.8268 -0.0458 -0.0231 -0.9987 220.4798
0.2002 -0.9797 0.0132 3505.7021 -0.9785 -0.1992 0.0533 -1551.6306 -0.0496 -0.0236 -0.9985 220.3971
0.2021 -0.9793 0.0066 3506.0800 -0.9777 -0.2014 0.0590 -1553.4430 -0.0565 -0.0183 -0.9982 220.3154
0.2036 -0.9790 0.0118 3506.4540 -0.9780 -0.2028 0.0484 -1555.2605 -0.0450 -0.0214 -0.9988 220.2125
0.2074 -0.9782 0.0131 3506.8327 -0.9770 -0.2064 0.0538 -1557.1052 -0.0499 -0.0239 -0.9985 220.1279
0.2108 -0.9775 0.0066 3507.2339 -0.9758 -0.2100 0.0602 -1558.9666 -0.0575 -0.0192 -0.9982 220.0372
0.2146 -0.9767 0.0058 3507.6436 -0.9757 -0.2141 0.0459 -1560.8367 -0.0436 -0.0155 -0.9989 219.9245
0.2206 -0.9753 0.0113 3508.0543 -0.9747 -0.2200 0.0393 -1562.7304 -0.0359 -0.0197 -0.9992 219.8355
0.2255 -0.9742 0.0108 3508.4866 -0.9734 -0.2248 0.0450 -1564.6481 -0.0414 -0.0207 -0.9989 219.7646
0.2270 -0.9738 0.0119 3508.9306 -0.9726 -0.2261 0.0534 -1566.5801 -0.0493 -0.0237 -0.9985 219.6869
0.2279 -0.9737 0.0070 3509.3877 -0.9727 -0.2273 0.0473 -1568.5129 -0.0444 -0.0176 -0.9989 219.5884
0.2291 -0.9734 0.0074 3509.8476 -0.9725 -0.2286 0.0435 -1570.4603 -0.0407 -0.0172 -0.9990 219.4989
0.2302 -0.9731 0.0039 3510.3159 -0.9727 -0.2300 0.0314 -1572.4087 -0.0296 -0.0110 -0.9995 219.4198
0.2331 -0.9725 0.0018 3510.7816 -0.9719 -0.2328 0.0353 -1574.3632 -0.0339 -0.0100 -0.9994 219.3622
0.2372 -0.9715 0.0028 3511.2512 -0.9708 -0.2369 0.0378 -1576.3148 -0.0361 -0.0117 -0.9993 219.3038
0.2424 -0.9702 0.0054 3511.7279 -0.9697 -0.2421 0.0325 -1578.2620 -0.0302 -0.0131 -0.9995 219.2308
0.2484 -0.9687 -0.0013 3512.2272 -0.9679 -0.2482 0.0394 -1580.2151 -0.0385 -0.0086 -0.9992 219.1763
0.2556 -0.9667 -0.0120 3512.7473 -0.9657 -0.2559 0.0429 -1582.1646 -0.0446 0.0007 -0.9990 219.1031
0.2647 -0.9642 -0.0138 3513.2735 -0.9641 -0.2649 0.0159 -1584.0912 -0.0190 0.0091 -0.9998 219.0176
0.2745 -0.9615 -0.0153 3513.8165 -0.9613 -0.2747 0.0197 -1586.0347 -0.0232 0.0093 -0.9997 218.9785
0.2849 -0.9584 -0.0174 3514.3790 -0.9578 -0.2853 0.0344 -1587.9804 -0.0379 0.0069 -0.9993 218.9384
0.2973 -0.9547 -0.0090 3514.9543 -0.9543 -0.2974 0.0277 -1589.9100 -0.0292 0.0004 -0.9996 218.8700
0.3071 -0.9516 -0.0142 3515.5724 -0.9512 -0.3074 0.0287 -1591.8389 -0.0317 0.0047 -0.9995 218.8199
0.3171 -0.9483 -0.0131 3516.2067 -0.9481 -0.3173 0.0214 -1593.7589 -0.0244 0.0057 -0.9997 218.7597
0.3296 -0.9441 -0.0103 3516.8513 -0.9439 -0.3298 0.0155 -1595.6748 -0.0180 0.0046 -0.9998 218.7093
0.3431 -0.9391 -0.0179 3517.5313 -0.9387 -0.3435 0.0291 -1597.5941 -0.0335 0.0069 -0.9994 218.6793
0.3572 -0.9337 -0.0259 3518.2451 -0.9330 -0.3580 0.0372 -1599.5031 -0.0440 0.0109 -0.9990 218.6174
0.3743 -0.9271 -0.0213 3518.9795 -0.9269 -0.3748 0.0220 -1601.3919 -0.0284 0.0115 -0.9995 218.5329
0.3903 -0.9207 -0.0065 3519.7393 -0.9207 -0.3903 0.0078 -1603.2744 -0.0097 0.0030 -0.9999 218.4784
0.4056 -0.9140 -0.0035 3520.5340 -0.9139 -0.4056 0.0157 -1605.1571 -0.0157 -0.0032 -0.9999 218.4571
0.4176 -0.9086 -0.0020 3521.3592 -0.9080 -0.4174 0.0361 -1607.0358 -0.0336 -0.0132 -0.9993 218.4363
0.4290 -0.9033 -0.0066 3522.2189 -0.9027 -0.4290 0.0333 -1608.8832 -0.0329 -0.0083 -0.9994 218.3671
0.4394 -0.8982 -0.0080 3523.1027 -0.8977 -0.4394 0.0328 -1610.7240 -0.0330 -0.0073 -0.9994 218.3066
0.4478 -0.8941 -0.0036 3524.0032 -0.8938 -0.4478 0.0248 -1612.5477 -0.0238 -0.0079 -0.9997 218.2391
0.4543 -0.8908 -0.0065 3524.9218 -0.8904 -0.4543 0.0302 -1614.3678 -0.0298 -0.0079 -0.9995 218.1933
0.4616 -0.8871 -0.0032 3525.8430 -0.8864 -0.4614 0.0375 -1616.1806 -0.0347 -0.0145 -0.9993 218.1439
0.4685 -0.8834 0.0073 3526.7670 -0.8832 -0.4682 0.0269 -1617.9685 -0.0204 -0.0190 -0.9996 218.0763
0.4722 -0.8813 0.0162 3527.7042 -0.8814 -0.4717 0.0263 -1619.7530 -0.0156 -0.0267 -0.9995 218.0382
0.4761 -0.8793 0.0144 3528.6520 -0.8792 -0.4756 0.0306 -1621.5256 -0.0201 -0.0272 -0.9994 218.0088
0.4819 -0.8761 0.0139 3529.5995 -0.8758 -0.4810 0.0408 -1623.2880 -0.0291 -0.0318 -0.9991 217.9778
0.4872 -0.8731 0.0173 3530.5557 -0.8730 -0.4864 0.0366 -1625.0279 -0.0235 -0.0329 -0.9992 217.9281
0.4892 -0.8719 0.0220 3531.5170 -0.8720 -0.4884 0.0328 -1626.7584 -0.0178 -0.0352 -0.9992 217.8840
0.4883 -0.8723 0.0255 3532.4732 -0.8724 -0.4871 0.0416 -1628.4931 -0.0239 -0.0426 -0.9988 217.8512
0.4843 -0.8748 0.0097 3533.4438 -0.8743 -0.4836 0.0404 -1630.2129 -0.0307 -0.0281 -0.9991 217.8088
0.4783 -0.8782 0.0088 3534.3967 -0.8777 -0.4776 0.0400 -1631.9339 -0.0309 -0.0269 -0.9992 217.7491
0.4745 -0.8802 0.0115 3535.3292 -0.8798 -0.4739 0.0363 -1633.6535 -0.0265 -0.0273 -0.9993 217.6978
0.4801 -0.8768 0.0257 3536.2372 -0.8769 -0.4789 0.0420 -1635.3814 -0.0246 -0.0427 -0.9988 217.6523
0.4899 -0.8714 0.0243 3537.1707 -0.8712 -0.4885 0.0484 -1637.0928 -0.0302 -0.0449 -0.9985 217.6156
0.4945 -0.8689 0.0220 3538.1246 -0.8686 -0.4931 0.0478 -1638.7841 -0.0307 -0.0427 -0.9986 217.5647
0.4924 -0.8700 0.0259 3539.0813 -0.8700 -0.4912 0.0416 -1640.4689 -0.0235 -0.0430 -0.9988 217.5097
0.4842 -0.8746 0.0260 3540.0331 -0.8747 -0.4831 0.0390 -1642.1575 -0.0215 -0.0416 -0.9989 217.4673
0.4750 -0.8798 0.0192 3540.9770 -0.8797 -0.4741 0.0362 -1643.8585 -0.0228 -0.0341 -0.9992 217.4243
0.4630 -0.8863 0.0051 3541.9084 -0.8856 -0.4624 0.0424 -1645.5791 -0.0352 -0.0241 -0.9991 217.3851
0.4514 -0.8923 0.0053 3542.8090 -0.8920 -0.4510 0.0303 -1647.3020 -0.0246 -0.0184 -0.9995 217.3146
0.4417 -0.8971 0.0103 3543.6778 -0.8968 -0.4412 0.0324 -1649.0561 -0.0245 -0.0236 -0.9994 217.2688
0.4347 -0.9006 0.0079 3544.5398 -0.9002 -0.4342 0.0344 -1650.8183 -0.0275 -0.0221 -0.9994 217.2256
0.4283 -0.9037 0.0006 3545.4000 -0.9032 -0.4280 0.0318 -1652.5901 -0.0284 -0.0141 -0.9995 217.1733
0.4222 -0.9065 -0.0048 3546.2498 -0.9060 -0.4222 0.0297 -1654.3712 -0.0290 -0.0082 -0.9995 217.1190
0.4169 -0.9089 -0.0114 3547.0916 -0.9084 -0.4171 0.0293 -1656.1659 -0.0314 -0.0019 -0.9995 217.0655
0.4121 -0.9111 -0.0080 3547.9139 -0.9106 -0.4121 0.0312 -1657.9762 -0.0317 -0.0055 -0.9995 217.0071
0.4085 -0.9127 -0.0096 3548.7325 -0.9123 -0.4086 0.0281 -1659.7876 -0.0296 -0.0027 -0.9996 216.9462
0.4052 -0.9142 -0.0131 3549.5393 -0.9137 -0.4054 0.0303 -1661.6013 -0.0330 -0.0003 -0.9995 216.8958
0.4012 -0.9159 -0.0131 3550.3401 -0.9155 -0.4014 0.0275 -1663.4102 -0.0305 0.0010 -0.9995 216.8372
0.3979 -0.9173 -0.0135 3551.1332 -0.9166 -0.3981 0.0362 -1665.2300 -0.0386 -0.0020 -0.9993 216.7844
0.3947 -0.9187 -0.0136 3551.9155 -0.9174 -0.3949 0.0484 -1667.0619 -0.0499 -0.0066 -0.9987 216.7224
0.3923 -0.9198 -0.0057 3552.6853 -0.9190 -0.3922 0.0402 -1668.8876 -0.0393 -0.0105 -0.9992 216.6308
0.3899 -0.9209 0.0031 3553.4514 -0.9204 -0.3896 0.0336 -1670.7199 -0.0297 -0.0159 -0.9994 216.5531
0.3869 -0.9221 0.0051 3554.2187 -0.9214 -0.3864 0.0417 -1672.5629 -0.0365 -0.0208 -0.9991 216.5001
0.3829 -0.9238 0.0060 3554.9799 -0.9228 -0.3822 0.0489 -1674.4082 -0.0429 -0.0243 -0.9988 216.4369
0.3782 -0.9257 0.0085 3555.7353 -0.9248 -0.3774 0.0475 -1676.2495 -0.0408 -0.0258 -0.9988 216.3595
0.3760 -0.9265 0.0133 3556.4837 -0.9258 -0.3750 0.0466 -1678.1011 -0.0382 -0.0299 -0.9988 216.2789
0.3767 -0.9262 0.0150 3557.2264 -0.9254 -0.3755 0.0519 -1679.9588 -0.0424 -0.0335 -0.9985 216.2086
0.3793 -0.9251 0.0189 3557.9766 -0.9245 -0.3780 0.0488 -1681.8079 -0.0380 -0.0360 -0.9986 216.1281
0.3841 -0.9231 0.0198 3558.7307 -0.9224 -0.3827 0.0522 -1683.6510 -0.0406 -0.0383 -0.9984 216.0585
0.3897 -0.9206 0.0240 3559.4841 -0.9199 -0.3879 0.0571 -1685.4692 -0.0432 -0.0443 -0.9981 215.9900
0.3947 -0.9182 0.0329 3560.2266 -0.9177 -0.3923 0.0621 -1687.2549 -0.0442 -0.0547 -0.9975 215.9204
0.3992 -0.9159 0.0428 3560.9574 -0.9158 -0.3959 0.0679 -1689.0024 -0.0452 -0.0663 -0.9968 215.8490
0.4017 -0.9147 0.0438 3561.6889 -0.9144 -0.3980 0.0742 -1690.7145 -0.0505 -0.0698 -0.9963 215.7760
0.4015 -0.9148 0.0450 3562.4133 -0.9145 -0.3977 0.0748 -1692.3876 -0.0505 -0.0712 -0.9962 215.6970
0.4009 -0.9150 0.0456 3563.1267 -0.9148 -0.3971 0.0744 -1694.0280 -0.0500 -0.0716 -0.9962 215.6135
0.3978 -0.9167 0.0365 3563.8304 -0.9155 -0.3940 0.0813 -1695.6353 -0.0602 -0.0657 -0.9960 215.5362
0.3892 -0.9209 0.0211 3564.5163 -0.9182 -0.3860 0.0890 -1697.2009 -0.0738 -0.0540 -0.9958 215.4500
0.3764 -0.9264 0.0073 3565.1743 -0.9231 -0.3744 0.0881 -1698.7308 -0.0789 -0.0399 -0.9961 215.3393
0.3637 -0.9315 0.0014 3565.7920 -0.9283 -0.3623 0.0839 -1700.2385 -0.0776 -0.0318 -0.9965 215.2221
0.3490 -0.9371 -0.0012 3566.3698 -0.9343 -0.3480 0.0767 -1701.7129 -0.0723 -0.0256 -0.9971 215.1046
0.3293 -0.9442 -0.0008 3566.8987 -0.9414 -0.3284 0.0771 -1703.1611 -0.0731 -0.0246 -0.9970 215.0035
0.3103 -0.9506 -0.0005 3567.3762 -0.9476 -0.3093 0.0794 -1704.5671 -0.0757 -0.0242 -0.9968 214.9096
0.2916 -0.9565 -0.0025 3567.8116 -0.9532 -0.2907 0.0833 -1705.9208 -0.0804 -0.0219 -0.9965 214.8190
0.2742 -0.9617 -0.0055 3568.2169 -0.9588 -0.2739 0.0750 -1707.2504 -0.0736 -0.0153 -0.9972 214.7218
0.2591 -0.9658 -0.0048 3568.5917 -0.9636 -0.2589 0.0664 -1708.5790 -0.0654 -0.0126 -0.9978 214.6186
0.2462 -0.9692 -0.0085 3568.9468 -0.9664 -0.2461 0.0740 -1709.9103 -0.0738 -0.0100 -0.9972 214.5319
0.2365 -0.9716 -0.0116 3569.2815 -0.9680 -0.2366 0.0838 -1711.2224 -0.0841 -0.0086 -0.9964 214.4478
0.2290 -0.9734 -0.0075 3569.5897 -0.9697 -0.2288 0.0860 -1712.5152 -0.0855 -0.0124 -0.9963 214.3478
0.2216 -0.9751 0.0011 3569.8789 -0.9718 -0.2207 0.0833 -1713.7951 -0.0810 -0.0195 -0.9965 214.2459
0.2146 -0.9766 0.0117 3570.1538 -0.9736 -0.2130 0.0817 -1715.0621 -0.0773 -0.0289 -0.9966 214.1458
0.2067 -0.9783 0.0121 3570.4256 -0.9741 -0.2046 0.0966 -1716.3436 -0.0920 -0.0318 -0.9953 214.0501
0.1953 -0.9807 -0.0029 3570.7137 -0.9738 -0.1943 0.1185 -1717.6509 -0.1168 -0.0203 -0.9930 213.9474
0.1810 -0.9835 -0.0035 3570.9759 -0.9755 -0.1800 0.1263 -1718.9733 -0.1249 -0.0195 -0.9920 213.8099
0.1657 -0.9862 -0.0011 3571.2228 -0.9785 -0.1646 0.1240 -1720.3231 -0.1225 -0.0195 -0.9923 213.6380
0.1521 -0.9884 0.0046 3571.4466 -0.9791 -0.1501 0.1370 -1721.7280 -0.1347 -0.0254 -0.9906 213.4732
0.1408 -0.9899 0.0145 3571.6478 -0.9799 -0.1372 0.1446 -1723.1685 -0.1412 -0.0345 -0.9894 213.2983
0.1286 -0.9916 0.0163 3571.8457 -0.9823 -0.1252 0.1391 -1724.6354 -0.1358 -0.0339 -0.9901 213.0910
0.1099 -0.9938 0.0148 3572.0335 -0.9844 -0.1068 0.1396 -1726.1496 -0.1372 -0.0299 -0.9901 212.8890
0.0876 -0.9959 0.0211 3572.1797 -0.9861 -0.0837 0.1435 -1727.7076 -0.1412 -0.0334 -0.9894 212.6876
0.0661 -0.9975 0.0254 3572.2979 -0.9872 -0.0617 0.1468 -1729.3014 -0.1449 -0.0347 -0.9888 212.4786
0.0446 -0.9986 0.0272 3572.3828 -0.9893 -0.0404 0.1399 -1730.9131 -0.1386 -0.0332 -0.9898 212.2588
0.0219 -0.9995 0.0224 3572.4484 -0.9921 -0.0189 0.1239 -1732.5296 -0.1234 -0.0250 -0.9920 212.0370
0.0016 -0.9996 0.0269 3572.4690 -0.9927 0.0016 0.1205 -1734.1627 -0.1205 -0.0269 -0.9923 211.8497
-0.0150 -0.9992 0.0364 3572.4524 -0.9928 0.0192 0.1181 -1735.7802 -0.1187 -0.0344 -0.9923 211.6782
-0.0292 -0.9982 0.0518 3572.3961 -0.9933 0.0347 0.1100 -1737.3725 -0.1116 -0.0483 -0.9926 211.5072
-0.0416 -0.9973 0.0610 3572.3272 -0.9926 0.0483 0.1118 -1738.9514 -0.1145 -0.0559 -0.9919 211.3479
-0.0534 -0.9965 0.0637 3572.2460 -0.9898 0.0612 0.1284 -1740.5189 -0.1318 -0.0562 -0.9897 211.1884
-0.0663 -0.9958 0.0632 3572.1559 -0.9876 0.0746 0.1379 -1742.0557 -0.1421 -0.0533 -0.9884 211.0127
-0.0801 -0.9959 0.0419 3572.0688 -0.9870 0.0852 0.1364 -1743.5562 -0.1394 -0.0305 -0.9898 210.8158
-0.0948 -0.9951 0.0266 3571.9702 -0.9889 0.0972 0.1121 -1745.0162 -0.1141 -0.0157 -0.9933 210.6123
-0.1074 -0.9941 0.0137 3571.8482 -0.9870 0.1083 0.1191 -1746.4752 -0.1198 -0.0007 -0.9928 210.4432
-0.1146 -0.9934 0.0006 3571.7164 -0.9850 0.1137 0.1297 -1747.8882 -0.1289 0.0143 -0.9916 210.3021
-0.1243 -0.9922 -0.0094 3571.5761 -0.9883 0.1230 0.0897 -1749.2188 -0.0878 0.0205 -0.9959 210.1376
-0.1330 -0.9910 -0.0124 3571.4187 -0.9883 0.1316 0.0774 -1750.5407 -0.0751 0.0226 -0.9969 209.9947
-0.1429 -0.9896 -0.0195 3571.2592 -0.9853 0.1403 0.0972 -1751.8623 -0.0934 0.0331 -0.9951 209.9232
-0.1567 -0.9876 -0.0108 3571.0652 -0.9847 0.1553 0.0792 -1753.1384 -0.0765 0.0230 -0.9968 209.8188
-0.1719 -0.9851 -0.0074 3570.8503 -0.9828 0.1709 0.0703 -1754.4210 -0.0680 0.0194 -0.9975 209.7137
-0.1848 -0.9828 -0.0005 3570.6182 -0.9803 0.1843 0.0713 -1755.6946 -0.0699 0.0137 -0.9975 209.6401
-0.1969 -0.9804 0.0001 3570.3801 -0.9786 0.1965 0.0605 -1756.9312 -0.0594 0.0118 -0.9982 209.5586
-0.2101 -0.9776 -0.0080 3570.1477 -0.9763 0.2094 0.0552 -1758.1465 -0.0523 0.0195 -0.9984 209.4800
-0.2247 -0.9744 -0.0064 3569.8874 -0.9731 0.2241 0.0543 -1759.3378 -0.0515 0.0185 -0.9985 209.4258
-0.2395 -0.9709 -0.0019 3569.6141 -0.9697 0.2391 0.0501 -1760.4909 -0.0481 0.0138 -0.9987 209.3668
-0.2530 -0.9675 -0.0020 3569.3346 -0.9664 0.2526 0.0482 -1761.6116 -0.0462 0.0141 -0.9988 209.3208
-0.2678 -0.9635 -0.0009 3569.0510 -0.9624 0.2675 0.0469 -1762.6908 -0.0449 0.0135 -0.9989 209.2757
-0.2899 -0.9570 -0.0064 3568.7742 -0.9558 0.2892 0.0530 -1763.7247 -0.0489 0.0215 -0.9986 209.2331
-0.3279 -0.9447 -0.0097 3568.4905 -0.9437 0.3271 0.0495 -1764.6809 -0.0436 0.0254 -0.9987 209.2059
-0.3771 -0.9261 -0.0071 3568.1812 -0.9259 0.3768 0.0281 -1765.5353 -0.0233 0.0172 -0.9996 209.1698
-0.4405 -0.8976 -0.0200 3567.8716 -0.8977 0.4401 0.0201 -1766.3031 -0.0092 0.0268 -0.9996 209.1232
-0.5161 -0.8564 -0.0110 3567.5223 -0.8565 0.5160 0.0164 -1766.9537 -0.0084 0.0179 -0.9998 209.1194
-0.5988 -0.8009 0.0035 3567.1598 -0.8007 0.5988 0.0176 -1767.4823 -0.0162 0.0077 -0.9998 209.1280
-0.6798 -0.7333 -0.0039 3566.8290 -0.7331 0.6795 0.0288 -1767.9312 -0.0185 0.0224 -0.9996 209.1228
-0.7592 -0.6509 -0.0015 3566.4722 -0.6508 0.7590 0.0218 -1768.2799 -0.0131 0.0175 -0.9998 209.1219
-0.8275 -0.5615 0.0034 3566.0855 -0.5615 0.8275 0.0071 -1768.5619 -0.0068 0.0039 -1.0000 209.1197
-0.8847 -0.4659 0.0163 3565.6733 -0.4657 0.8848 0.0130 -1768.8195 -0.0205 0.0039 -0.9998 209.1200
-0.9303 -0.3665 0.0122 3565.2550 -0.3662 0.9303 0.0203 -1769.0389 -0.0188 0.0144 -0.9997 209.1029
-0.9647 -0.2630 0.0107 3564.8128 -0.2628 0.9647 0.0152 -1769.1901 -0.0143 0.0118 -0.9998 209.0863
-0.9878 -0.1547 0.0197 3564.3420 -0.1544 0.9879 0.0169 -1769.3020 -0.0221 0.0137 -0.9997 209.1010
-0.9987 -0.0449 0.0246 3563.8468 -0.0444 0.9988 0.0213 -1769.3705 -0.0255 0.0202 -0.9995 209.1005
-0.9973 0.0701 0.0222 3563.3294 0.0705 0.9973 0.0206 -1769.3702 -0.0207 0.0221 -0.9995 209.0830
-0.9819 0.1879 0.0247 3562.7617 0.1885 0.9816 0.0286 -1769.3241 -0.0189 0.0328 -0.9993 209.0711
-0.9534 0.3008 0.0221 3562.1498 0.3013 0.9532 0.0252 -1769.1788 -0.0135 0.0307 -0.9994 209.0519
-0.9121 0.4095 0.0181 3561.4869 0.4098 0.9119 0.0222 -1768.9348 -0.0074 0.0277 -0.9996 209.0319
-0.8617 0.5069 0.0225 3560.7584 0.5074 0.8613 0.0271 -1768.5833 -0.0057 0.0347 -0.9994 209.0219
-0.8066 0.5907 0.0222 3559.9819 0.5912 0.8061 0.0261 -1768.0874 -0.0025 0.0342 -0.9994 209.0035
-0.7607 0.6489 0.0167 3559.1680 0.6491 0.7603 0.0241 -1767.4458 0.0029 0.0291 -0.9996 208.9837
-0.7303 0.6829 0.0178 3558.2982 0.6831 0.7299 0.0233 -1766.6836 0.0029 0.0292 -0.9996 208.9758
-0.7142 0.6997 0.0191 3557.3783 0.6999 0.7138 0.0260 -1765.8155 0.0045 0.0319 -0.9995 208.9637
-0.7046 0.7093 0.0212 3556.3928 0.7096 0.7041 0.0281 -1764.8518 0.0050 0.0348 -0.9994 208.9482
-0.6958 0.7178 0.0248 3555.3458 0.7182 0.6952 0.0298 -1763.7989 0.0042 0.0385 -0.9992 208.9432
-0.6859 0.7271 0.0275 3554.2417 0.7277 0.6852 0.0316 -1762.6570 0.0041 0.0417 -0.9991 208.9313
-0.6751 0.7370 0.0319 3553.0847 0.7377 0.6745 0.0288 -1761.4220 -0.0003 0.0430 -0.9991 208.9237
-0.6640 0.7469 0.0368 3551.8802 0.7478 0.6633 0.0304 -1760.1059 -0.0017 0.0477 -0.9989 208.9120
-0.6526 0.7569 0.0348 3550.6414 0.7577 0.6518 0.0322 -1758.6999 0.0017 0.0474 -0.9989 208.8901
-0.6422 0.7658 0.0335 3549.3651 0.7665 0.6415 0.0302 -1757.2024 0.0017 0.0451 -0.9990 208.8792
-0.6357 0.7713 0.0308 3548.0614 0.7719 0.6352 0.0243 -1755.6242 -0.0008 0.0392 -0.9992 208.8704
-0.6306 0.7756 0.0281 3546.7341 0.7761 0.6301 0.0251 -1753.9981 0.0017 0.0377 -0.9993 208.8586
-0.6238 0.7809 0.0331 3545.3898 0.7816 0.6235 0.0216 -1752.3341 -0.0038 0.0393 -0.9992 208.8572
-0.6149 0.7878 0.0362 3544.0487 0.7886 0.6147 0.0179 -1750.6428 -0.0082 0.0395 -0.9992 208.8507
-0.6039 0.7962 0.0356 3542.7208 0.7970 0.6038 0.0169 -1748.9239 -0.0080 0.0386 -0.9992 208.8363
-0.5902 0.8065 0.0356 3541.4117 0.8072 0.5902 0.0128 -1747.1750 -0.0107 0.0363 -0.9993 208.8251
-0.5760 0.8168 0.0319 3540.1307 0.8174 0.5760 0.0093 -1745.3955 -0.0108 0.0314 -0.9994 208.8056
-0.5627 0.8261 0.0311 3538.8712 0.8265 0.5630 0.0010 -1743.5882 -0.0167 0.0263 -0.9995 208.7882
-0.5492 0.8352 0.0279 3537.6453 0.8355 0.5495 -0.0055 -1741.7620 -0.0199 0.0203 -0.9996 208.7661
-0.5360 0.8439 0.0240 3536.4513 0.8440 0.5363 -0.0079 -1739.9141 -0.0195 0.0160 -0.9997 208.7304
-0.5250 0.8509 0.0187 3535.2782 0.8510 0.5252 -0.0059 -1738.0433 -0.0149 0.0128 -0.9998 208.6942
-0.5177 0.8554 0.0136 3534.1143 0.8555 0.5178 -0.0035 -1736.1396 -0.0101 0.0098 -0.9999 208.6622
-0.5103 0.8599 0.0144 3532.9518 0.8599 0.5104 -0.0068 -1734.1967 -0.0132 0.0089 -0.9999 208.6400
-0.5046 0.8633 0.0102 3531.7962 0.8633 0.5046 -0.0050 -1732.2299 -0.0095 0.0063 -0.9999 208.6147
-0.5021 0.8648 0.0051 3530.6464 0.8648 0.5021 -0.0069 -1730.2391 -0.0086 0.0010 -1.0000 208.5934
-0.5014 0.8652 0.0041 3529.4908 0.8651 0.5014 -0.0157 -1728.2348 -0.0157 -0.0044 -0.9999 208.5738
-0.5012 0.8653 -0.0022 3528.3380 0.8651 0.5011 -0.0220 -1726.2123 -0.0179 -0.0129 -0.9998 208.5401
-0.5015 0.8651 -0.0045 3527.1684 0.8650 0.5013 -0.0219 -1724.1823 -0.0167 -0.0149 -0.9997 208.5035
-0.5027 0.8644 0.0026 3525.9814 0.8642 0.5026 -0.0234 -1722.1401 -0.0215 -0.0095 -0.9997 208.4675
-0.5040 0.8637 0.0076 3524.7862 0.8635 0.5040 -0.0183 -1720.0876 -0.0197 -0.0026 -0.9998 208.4186
-0.5004 0.8656 0.0162 3523.5740 0.8655 0.5007 -0.0150 -1718.0211 -0.0211 0.0066 -0.9998 208.3711
-0.4907 0.8711 0.0224 3522.3609 0.8711 0.4910 -0.0130 -1715.9231 -0.0223 0.0132 -0.9997 208.3231
-0.4791 0.8775 0.0234 3521.1668 0.8775 0.4794 -0.0118 -1713.7972 -0.0216 0.0149 -0.9997 208.2738
-0.4686 0.8831 0.0237 3519.9978 0.8831 0.4690 -0.0125 -1711.6396 -0.0222 0.0151 -0.9996 208.2271
-0.4613 0.8870 0.0218 3518.8489 0.8870 0.4616 -0.0143 -1709.4525 -0.0227 0.0127 -0.9997 208.1826
-0.4559 0.8898 0.0199 3517.7024 0.8897 0.4562 -0.0168 -1707.2423 -0.0241 0.0100 -0.9997 208.1332
-0.4510 0.8923 0.0175 3516.5604 0.8922 0.4513 -0.0192 -1705.0022 -0.0251 0.0070 -0.9997 208.0788
-0.4484 0.8937 0.0137 3515.4229 0.8935 0.4486 -0.0215 -1702.7434 -0.0253 0.0026 -0.9997 208.0238
-0.4469 0.8945 0.0105 3514.2843 0.8942 0.4471 -0.0212 -1700.4674 -0.0237 -0.0001 -0.9997 207.9677
-0.4459 0.8950 0.0103 3513.1433 0.8948 0.4460 -0.0223 -1698.1796 -0.0246 -0.0007 -0.9997 207.9133
-0.4445 0.8957 0.0108 3511.9971 0.8954 0.4447 -0.0234 -1695.8799 -0.0257 -0.0007 -0.9997 207.8571
-0.4457 0.8951 0.0099 3510.8483 0.8948 0.4458 -0.0240 -1693.5671 -0.0259 -0.0018 -0.9997 207.7995
-0.4476 0.8942 0.0068 3509.6969 0.8939 0.4477 -0.0228 -1691.2429 -0.0234 -0.0041 -0.9997 207.7410
-0.4516 0.8922 0.0039 3508.5320 0.8919 0.4516 -0.0247 -1688.9063 -0.0238 -0.0077 -0.9997 207.6874
-0.4556 0.8902 0.0007 3507.3460 0.8898 0.4554 -0.0283 -1686.5562 -0.0255 -0.0122 -0.9996 207.6302
-0.4584 0.8887 -0.0023 3506.1495 0.8884 0.4581 -0.0305 -1684.2052 -0.0260 -0.0160 -0.9995 207.5694
-0.4602 0.8878 -0.0086 3504.9487 0.8875 0.4598 -0.0301 -1681.8524 -0.0228 -0.0215 -0.9995 207.5055
-0.4618 0.8870 -0.0083 3503.7375 0.8867 0.4614 -0.0303 -1679.4944 -0.0231 -0.0213 -0.9995 207.4535
-0.4634 0.8861 -0.0056 3502.5135 0.8858 0.4631 -0.0312 -1677.1320 -0.0250 -0.0194 -0.9995 207.3928
-0.4653 0.8851 -0.0057 3501.2733 0.8847 0.4648 -0.0346 -1674.7545 -0.0280 -0.0212 -0.9994 207.3313
-0.4672 0.8841 -0.0064 3500.0275 0.8838 0.4669 -0.0290 -1672.3824 -0.0227 -0.0192 -0.9996 207.2612
-0.4695 0.8829 -0.0036 3498.7749 0.8826 0.4693 -0.0275 -1670.0170 -0.0226 -0.0161 -0.9996 207.2062
-0.4738 0.8806 -0.0042 3497.5248 0.8802 0.4734 -0.0349 -1667.6524 -0.0288 -0.0202 -0.9994 207.1555
-0.4787 0.8779 -0.0078 3496.2689 0.8775 0.4782 -0.0370 -1665.2932 -0.0287 -0.0246 -0.9993 207.0870
-0.4825 0.8758 -0.0097 3494.9990 0.8754 0.4818 -0.0395 -1662.9370 -0.0299 -0.0276 -0.9992 207.0232
-0.4845 0.8747 -0.0097 3493.7289 0.8742 0.4838 -0.0402 -1660.5782 -0.0305 -0.0280 -0.9991 206.9522
-0.4843 0.8749 -0.0075 3492.4522 0.8745 0.4837 -0.0363 -1658.2178 -0.0281 -0.0241 -0.9993 206.8775
-0.4835 0.8753 -0.0043 3491.1514 0.8748 0.4831 -0.0360 -1655.8686 -0.0294 -0.0212 -0.9993 206.8112
-0.4827 0.8758 -0.0016 3489.8462 0.8752 0.4824 -0.0360 -1653.5093 -0.0308 -0.0188 -0.9993 206.7340
-0.4830 0.8756 0.0008 3488.5507 0.8751 0.4828 -0.0344 -1651.1421 -0.0305 -0.0159 -0.9994 206.6580
-0.4847 0.8747 0.0022 3487.2428 0.8744 0.4846 -0.0260 -1648.7819 -0.0238 -0.0107 -0.9997 206.5820
-0.4863 0.8737 0.0091 3485.9234 0.8734 0.4864 -0.0254 -1646.4095 -0.0267 -0.0044 -0.9996 206.5225
-0.4887 0.8724 0.0131 3484.6019 0.8719 0.4888 -0.0277 -1644.0449 -0.0306 -0.0021 -0.9995 206.4571
-0.4915 0.8708 0.0101 3483.2781 0.8703 0.4916 -0.0307 -1641.6772 -0.0317 -0.0063 -0.9995 206.3851
-0.4955 0.8686 0.0076 3481.9528 0.8680 0.4954 -0.0342 -1639.3128 -0.0335 -0.0104 -0.9994 206.3107
-0.5016 0.8651 0.0047 3480.6112 0.8645 0.5014 -0.0349 -1636.9535 -0.0326 -0.0134 -0.9994 206.2325
-0.5096 0.8604 0.0043 3479.2466 0.8599 0.5095 -0.0311 -1634.6091 -0.0290 -0.0121 -0.9995 206.1557
-0.5177 0.8555 0.0097 3477.8538 0.8551 0.5177 -0.0288 -1632.2737 -0.0297 -0.0066 -0.9995 206.0875
-0.5261 0.8504 0.0130 3476.4461 0.8499 0.5262 -0.0284 -1629.9528 -0.0310 -0.0039 -0.9995 206.0129
-0.5345 0.8451 0.0123 3475.0192 0.8446 0.5346 -0.0298 -1627.6526 -0.0318 -0.0055 -0.9995 205.9394
-0.5434 0.8395 0.0067 3473.5758 0.8390 0.5433 -0.0300 -1625.3705 -0.0289 -0.0107 -0.9995 205.8667
-0.5521 0.8337 0.0059 3472.1165 0.8331 0.5520 -0.0355 -1623.1080 -0.0329 -0.0146 -0.9994 205.8018
-0.5611 0.8277 0.0012 3470.6373 0.8271 0.5608 -0.0381 -1620.8610 -0.0322 -0.0204 -0.9993 205.7282
-0.5707 0.8212 -0.0020 3469.1360 0.8206 0.5702 -0.0375 -1618.6289 -0.0297 -0.0231 -0.9993 205.6542
-0.5796 0.8149 -0.0008 3467.6019 0.8144 0.5792 -0.0372 -1616.4166 -0.0298 -0.0222 -0.9993 205.5871
-0.5878 0.8090 0.0033 3466.0377 0.8084 0.5875 -0.0362 -1614.2209 -0.0312 -0.0187 -0.9993 205.5175
-0.5943 0.8042 0.0063 3464.4554 0.8036 0.5941 -0.0348 -1612.0394 -0.0318 -0.0156 -0.9994 205.4460
-0.5998 0.8001 0.0042 3462.8588 0.7994 0.5995 -0.0387 -1609.8657 -0.0335 -0.0199 -0.9992 205.3729
-0.6038 0.7971 0.0003 3461.2457 0.7966 0.6034 -0.0362 -1607.7072 -0.0290 -0.0217 -0.9993 205.2958
-0.6062 0.7953 0.0072 3459.6101 0.7948 0.6061 -0.0310 -1605.5593 -0.0290 -0.0131 -0.9995 205.2215
-0.6083 0.7936 0.0159 3457.9662 0.7929 0.6084 -0.0324 -1603.4210 -0.0354 -0.0071 -0.9993 205.1506
-0.6104 0.7919 0.0157 3456.3254 0.7913 0.6105 -0.0335 -1601.2791 -0.0361 -0.0081 -0.9993 205.0641
-0.6119 0.7908 0.0147 3454.6773 0.7901 0.6120 -0.0336 -1599.1361 -0.0356 -0.0089 -0.9993 204.9809
-0.6121 0.7907 0.0132 3453.0227 0.7902 0.6122 -0.0286 -1596.9961 -0.0307 -0.0070 -0.9995 204.8941
-0.6112 0.7914 0.0140 3451.3667 0.7908 0.6113 -0.0293 -1594.8572 -0.0318 -0.0068 -0.9995 204.8216
-0.6103 0.7920 0.0152 3449.7140 0.7915 0.6104 -0.0305 -1592.7160 -0.0335 -0.0066 -0.9994 204.7501
-0.6077 0.7940 0.0166 3448.0619 0.7935 0.6079 -0.0270 -1590.5717 -0.0316 -0.0032 -0.9995 204.6745
-0.6055 0.7957 0.0145 3446.4181 0.7952 0.6056 -0.0283 -1588.4126 -0.0313 -0.0056 -0.9995 204.6010
-0.6038 0.7971 0.0096 3444.7915 0.7966 0.6037 -0.0312 -1586.2492 -0.0306 -0.0112 -0.9995 204.5316
-0.6019 0.7985 0.0070 3443.1673 0.7980 0.6018 -0.0325 -1584.0913 -0.0302 -0.0140 -0.9994 204.4623
-0.6000 0.8000 0.0096 3441.5464 0.7994 0.5999 -0.0332 -1581.9347 -0.0323 -0.0122 -0.9994 204.3926
-0.5969 0.8022 0.0145 3439.9269 0.8015 0.5970 -0.0340 -1579.7744 -0.0360 -0.0087 -0.9993 204.3184
-0.5914 0.8062 0.0170 3438.3200 0.8053 0.5916 -0.0381 -1577.6056 -0.0408 -0.0089 -0.9991 204.2324
-0.5839 0.8116 0.0180 3436.7292 0.8110 0.5842 -0.0320 -1575.4349 -0.0365 -0.0041 -0.9993 204.1329
-0.5718 0.8201 0.0226 3435.1576 0.8197 0.5722 -0.0253 -1573.2508 -0.0336 0.0040 -0.9994 204.0439
-0.5591 0.8288 0.0243 3433.6284 0.8284 0.5596 -0.0253 -1571.0390 -0.0346 0.0060 -0.9994 203.9636
