0.738482199 -7.22E-05 0.674272969 3576.811653 -0.625863299 -0.372143496 0.685422752 -1314.296624 0.250876808 -0.928175206 -0.274866539 221.369106
0.979757717 -0.186820511 0.071922967 3577.510073 -0.187777291 -0.982188649 0.006719198 -1313.856639 0.069386637 -0.020088686 -0.997387557 221.3501921
0.976459779 -0.202943049 0.073078166 3577.813835 -0.203689894 -0.979031345 0.002837822 -1313.909682 0.070969899 -0.017656303 -0.997322179 221.3664985
0.972414558 -0.220965987 0.074725895 3578.121594 -0.221667056 -0.97512177 0.001117789 -1313.974058 0.072619854 -0.017651223 -0.997203485 221.3808538
0.965701146 -0.248222735 0.076202172 3578.51473 -0.248908925 -0.968526762 -0.000508217 -1314.066328 0.073929994 -0.018476615 -0.997092258 221.400844
0.960479377 -0.267760448 0.076050697 3578.740864 -0.268362772 -0.963314992 -0.002376639 -1314.119903 0.073897147 -0.018126463 -0.99710112 221.4147763
0.953936362 -0.291197579 0.072176087 3578.985307 -0.291256008 -0.956593424 -0.00994778 -1314.172779 0.07193994 -0.01153217 -0.997342295 221.4326438
0.947129545 -0.313996664 0.065967567 3579.243654 -0.313508141 -0.949416771 -0.017900847 -1314.240818 0.068251521 -0.003726949 -0.997661185 221.4526964
0.938515929 -0.339573613 0.062270483 3579.512237 -0.338884764 -0.940579142 -0.021633175 -1314.324505 0.065916373 -0.000799438 -0.997824831 221.4704481
0.928233175 -0.367372883 0.058483651 3579.790951 -0.366613559 -0.930073619 -0.023612738 -1314.420022 0.063068781 0.000477228 -0.998009069 221.4864297
0.916148617 -0.39636238 0.05973756 3580.071298 -0.395742854 -0.918088769 -0.022374214 -1314.534025 0.063712679 -0.003142607 -0.997963335 221.5055204
0.902041663 -0.427362403 0.060681253 3580.358865 -0.426984578 -0.904043905 -0.019717722 -1314.665017 0.06328513 -0.008123753 -0.997962423 221.5244369
0.885866926 -0.459972908 0.06053688 3580.654385 -0.459884814 -0.887830617 -0.016209697 -1314.809525 0.061202517 -0.013480357 -0.998034334 221.5446678
0.86742332 -0.494157031 0.058186011 3580.955896 -0.494167181 -0.869233605 -0.015222916 -1314.967567 0.058099747 -0.015548905 -0.998189687 221.5645791
0.846324366 -0.529976611 0.053477649 3581.260827 -0.530017245 -0.847861359 -0.014588912 -1315.139692 0.053073415 -0.015997124 -0.99846247 221.5852474
0.822067915 -0.567348652 0.048164826 3581.565574 -0.567371575 -0.82333386 -0.014520722 -1315.327287 0.047894044 -0.015390333 -0.998733848 221.6001901
0.79492365 -0.605153971 0.043417297 3581.862197 -0.605444479 -0.795851171 -0.00760898 -1315.535269 0.039158311 -0.020238205 -0.999028049 221.6207777
0.766693021 -0.640803639 0.039401875 3582.148917 -0.641324854 -0.767269075 0.000773431 -1315.768373 0.029736223 -0.025862386 -0.999223145 221.6479773
0.735066759 -0.677054937 0.035685756 3582.432041 -0.677690112 -0.735295665 0.008740566 -1316.016323 0.020321738 -0.030608783 -0.999324837 221.6689343
0.70041341 -0.713054744 0.031208759 3582.71517 -0.713618778 -0.700424347 0.012408639 -1316.278258 0.013011336 -0.030962334 -0.99943586 221.6848535
0.66408442 -0.747085803 0.029235004 3582.984677 -0.747611817 -0.663968619 0.014907856 -1316.561158 0.008273678 -0.03175651 -0.99946139 221.6921139
0.624905823 -0.780109453 0.030363698 3583.244497 -0.78069456 -0.624575628 0.020525332 -1316.868468 0.00295242 -0.036531174 -0.999328153 221.7012459
0.583291504 -0.811645685 0.031659184 3583.493134 -0.812257353 -0.582700234 0.02642781 -1317.199417 -0.003002204 -0.041130522 -0.999149272 221.7107277
0.540081273 -0.840918948 0.034169291 3583.732384 -0.84158295 -0.539274464 0.030351121 -1317.551312 -0.007096207 -0.045148365 -0.998955089 221.7090012
0.495817428 -0.867710662 0.035260257 3583.962573 -0.868375972 -0.49494037 0.030938672 -1317.924489 -0.009394091 -0.045959093 -0.998899151 221.7009766
0.450639215 -0.892069472 0.033709854 3584.185241 -0.892624742 -0.449766735 0.030511537 -1318.31686 -0.01205684 -0.043839945 -0.998965811 221.6921027
0.405963967 -0.913328264 0.032011563 3584.392833 -0.913751022 -0.40504471 0.031588821 -1318.732597 -0.015884849 -0.042074522 -0.998988191 221.6871499
0.362753762 -0.931376352 0.030786357 3584.582507 -0.931647756 -0.361717972 0.034533576 -1319.171269 -0.021027777 -0.041209225 -0.998929243 221.6843525
0.320698411 -0.946703709 0.03007685 3584.756711 -0.946858938 -0.319599113 0.036256849 -1319.630616 -0.024711958 -0.040106048 -0.998889796 221.6769592
0.279246409 -0.959722796 0.030880366 3584.913639 -0.959871719 -0.278135439 0.035874248 -1320.107526 -0.025840409 -0.039658945 -0.998879093 221.6631378
0.238881481 -0.970504377 0.032509881 3585.050966 -0.970709653 -0.237779532 0.034404414 -1320.606057 -0.02565945 -0.039776232 -0.998879094 221.6474771
0.199241668 -0.979341183 0.034548579 3585.170677 -0.979651834 -0.198186951 0.031689369 -1321.124099 -0.024187627 -0.040159421 -0.998900485 221.6311758
0.161137567 -0.986292704 0.035515992 3585.272932 -0.986659928 -0.160143951 0.029259203 -1321.658488 -0.023170467 -0.039756963 -0.998940696 221.6124851
0.125442621 -0.991442862 0.036127558 3585.357161 -0.991833013 -0.124479424 0.027787549 -1322.209377 -0.023052629 -0.039318247 -0.998960786 221.5956928
0.092933502 -0.994952653 0.037849475 3585.423682 -0.995381855 -0.091921088 0.02766726 -1322.781049 -0.024048449 -0.040245896 -0.998900365 221.5768636
0.064502822 -0.997089643 0.040640247 3585.472682 -0.997594571 -0.063392442 0.028044064 -1323.370377 -0.025386161 -0.042351412 -0.998780206 221.5593974
0.040326059 -0.998258563 0.043054038 3585.504795 -0.998804241 -0.039081294 0.029372439 -1323.97412 -0.027638681 -0.04418703 -0.998640881 221.5438339
0.020005572 -0.998825508 0.044129149 3585.52623 -0.999339279 -0.018637259 0.031203498 -1324.592148 -0.030344404 -0.044724236 -0.998538412 221.5263535
0.003470321 -0.998963595 0.045383839 3585.535377 -0.999456125 -0.00197657 0.032917277 -1325.224776 -0.032793458 -0.04547339 -0.998427143 221.5078427
-0.009221314 -0.998902085 0.0459303 3585.534532 -0.999349911 0.010806923 0.034394271 -1325.871327 -0.034852874 -0.045583281 -0.998352364 221.4881685
-0.01922944 -0.998764395 0.045824806 3585.525894 -0.999116529 0.020908838 0.036455196 -1326.53215 -0.037368295 -0.045083308 -0.998284081 221.4663142
-0.028248314 -0.998526506 0.046334111 3585.510973 -0.998860614 0.029980688 0.037129945 -1327.205921 -0.038464363 -0.045232461 -0.998235702 221.4415039
-0.036931942 -0.998261611 0.045932431 3585.489424 -0.998518602 0.038701275 0.038246737 -1327.891772 -0.039957893 -0.044451861 -0.998212101 221.4147803
-0.046058882 -0.997908638 0.045353387 3585.462659 -0.998022838 0.047912941 0.040678807 -1328.586101 -0.042766747 -0.043390096 -0.998142427 221.3883561
-0.055405655 -0.997496346 0.04394602 3585.430702 -0.997402963 0.057321627 0.043606889 -1329.284683 -0.04601677 -0.041415822 -0.998081754 221.3593036
-0.064796468 -0.996931599 0.043918159 3585.389692 -0.996698063 0.066813898 0.046139724 -1329.988369 -0.048932492 -0.040783453 -0.997969098 221.3314046
-0.074908288 -0.996192644 0.044597801 3585.341012 -0.995854941 0.077046967 0.048339449 -1330.696865 -0.051591529 -0.040791915 -0.997834823 221.3021594
-0.086098109 -0.995289266 0.044568969 3585.282725 -0.994877675 0.088268598 0.049265267 -1331.409705 -0.052967232 -0.040099026 -0.99779083 221.271658
-0.099228324 -0.994150703 0.04263941 3585.220348 -0.993624255 0.101298502 0.04949195 -1332.127718 -0.053521766 -0.037456548 -0.997863932 221.2367136
-0.115488342 -0.992482229 0.040515036 3585.148465 -0.991843324 0.117436812 0.04955216 -1332.850862 -0.053937595 -0.034461872 -0.997949455 221.1988517
-0.134185204 -0.990137637 0.040271454 3585.061557 -0.989509307 0.136073917 0.04853061 -1333.577819 -0.053531878 -0.033336889 -0.998009514 221.1630664
-0.153349744 -0.987270226 0.042206133 3584.955516 -0.986713652 0.155303278 0.047718552 -1334.308288 -0.053665857 -0.03432774 -0.997968728 221.1263016
-0.172485042 -0.98402067 0.04418407 3584.833405 -0.983607939 0.174460081 0.045597175 -1335.041797 -0.052576919 -0.035594971 -0.997982297 221.0896753
-0.191271805 -0.980511876 0.044850389 3584.694813 -0.98011454 0.19325433 0.045036134 -1335.774296 -0.052825996 -0.035344376 -0.997978051 221.0531417
-0.211082702 -0.976470369 0.044155544 3584.544181 -0.975984771 0.213035004 0.045495221 -1336.50856 -0.053831411 -0.033491885 -0.997988213 221.016286
-0.232592168 -0.971627301 0.04291004 3584.377303 -0.971059168 0.23446548 0.0454976 -1337.243354 -0.054267634 -0.031085803 -0.998042432 220.98134
-0.254938593 -0.966067627 0.04146871 3584.196011 -0.96540525 0.256724058 0.045666859 -1337.975087 -0.05476329 -0.028391865 -0.998095629 220.9478499
-0.277300696 -0.959910982 0.040929584 3583.994319 -0.959249732 0.27901267 0.044630502 -1338.703164 -0.054261182 -0.026885624 -0.99816476 220.9154913
-0.29966401 -0.953257418 0.038752761 3583.775666 -0.952544216 0.301223071 0.043865446 -1339.428798 -0.053488288 -0.023768823 -0.998285553 220.8805664
-0.323044969 -0.945693191 0.036143271 3583.540261 -0.944930797 0.324429084 0.043029752 -1340.150739 -0.052418871 -0.020252346 -0.998419804 220.8478651
-0.347969656 -0.936810112 0.036110007 3583.283865 -0.936162104 0.349274544 0.040097479 -1340.866998 -0.05017603 -0.019852114 -0.998543069 220.8171716
-0.373478755 -0.926845108 0.038363595 3583.006297 -0.926448386 0.374774811 0.03517427 -1341.574788 -0.04697881 -0.022405048 -0.998644584 220.7883748
-0.398579347 -0.916228965 0.040730663 3582.705902 -0.916128776 0.399828308 0.029075583 -1342.27808 -0.042925164 -0.025725606 -0.998747027 220.7586974
-0.423238517 -0.904979564 0.043372189 3582.387758 -0.905156831 0.424438386 0.023305949 -1342.973718 -0.03950023 -0.029394658 -0.998787107 220.7322107
-0.447408907 -0.8931644 0.045635776 3582.049473 -0.893582066 0.448538395 0.018011114 -1343.663765 -0.036556283 -0.032720978 -0.998795763 220.7073883
-0.471599486 -0.88058431 0.046531684 3581.688322 -0.881261017 0.472514279 0.010453474 -1344.349875 -0.031192051 -0.036076706 -0.998862116 220.682694
-0.495404573 -0.867530932 0.044321447 3581.306458 -0.868381385 0.495896918 0.000131006 -1345.031323 -0.022092521 -0.038423019 -0.999017313 220.6587907
-0.518892242 -0.853906661 0.039928126 3580.905387 -0.854782981 0.518829396 -0.012732392 -1345.710193 -0.009843611 -0.040736622 -0.99912143 220.6365835
-0.541436479 -0.840083134 0.033269606 3580.481824 -0.84073544 0.54085616 -0.02526925 -1346.389687 0.003234199 -0.041652631 -0.999126918 220.6168051
-0.563837745 -0.825555801 0.023337016 3580.041112 -0.825728394 0.562954048 -0.035431054 -1347.071633 0.016112645 -0.039247402 -0.999099607 220.6041242
-0.586567964 -0.809722473 0.016957024 3579.577233 -0.809472617 0.585449815 -0.044750377 -1347.752979 0.026307899 -0.039975384 -0.998854275 220.6053462
-0.608794612 -0.793212579 0.013524947 3579.081632 -0.792678103 0.607517709 -0.050829703 -1348.431854 0.032102115 -0.041665779 -0.998615751 220.6138806
-0.630124306 -0.776365095 0.014163316 3578.560749 -0.775828404 0.62872399 -0.052881303 -1349.106701 0.032150381 -0.044310097 -0.99850036 220.6297793
-0.649347689 -0.76023229 0.019860628 3578.008156 -0.760052062 0.647863143 -0.050933392 -1349.77658 0.02585424 -0.048168592 -0.998504554 220.6553123
-0.665871565 -0.745542453 0.027955494 3577.429552 -0.745824842 0.664235097 -0.050369052 -1350.438258 0.018983246 -0.054389221 -0.998339346 220.6818921
-0.679872711 -0.732578943 0.033184167 3576.831683 -0.733154657 0.678023848 -0.052610939 -1351.09551 0.01604201 -0.060097868 -0.998063575 220.6988544
-0.691723516 -0.721365974 0.033907366 3576.219275 -0.721985696 0.689752823 -0.054568296 -1351.750146 0.015976011 -0.062226807 -0.997934162 220.708342
-0.702117882 -0.711285516 0.033217383 3575.591499 -0.711842423 0.699983415 -0.057476806 -1352.403405 0.017630802 -0.064001036 -0.997794078 220.7187388
-0.710778609 -0.702609066 0.03367892 3574.947256 -0.703192934 0.7085334 -0.059161803 -1353.055755 0.017704979 -0.065733723 -0.997680115 220.7321476
-0.717474629 -0.695879631 0.031332018 3574.289498 -0.696362947 0.715385674 -0.057462885 -1353.712382 0.017572775 -0.063046619 -0.997855862 220.7416648
-0.722929656 -0.690225915 0.030998375 3573.616544 -0.690739543 0.720981365 -0.055360233 -1354.368257 0.015861817 -0.061433358 -0.997985143 220.7546793
-0.727263898 -0.685631501 0.031570041 3572.928946 -0.686202404 0.725350367 -0.054709293 -1355.025533 0.014611074 -0.061451531 -0.998003119 220.7657847
-0.730295962 -0.682399953 0.031592905 3572.232252 -0.683039847 0.728662339 -0.050077575 -1355.687647 0.011152374 -0.058150664 -0.998245523 220.7756108
-0.732461839 -0.680121539 0.030567071 3571.526812 -0.680737545 0.731001055 -0.047263649 -1356.35478 0.009800465 -0.055426972 -0.998414644 220.7878214
-0.733918285 -0.678607899 0.02924501 3570.814613 -0.679177354 0.732598227 -0.04492171 -1357.023479 0.009059385 -0.052831413 -0.998562351 220.7957943
-0.734833428 -0.677657495 0.028286994 3570.093591 -0.678189306 0.733584059 -0.043745791 -1357.694391 0.008893775 -0.051329806 -0.998642154 220.803435
-0.735719808 -0.676712461 0.027867697 3569.365534 -0.677227778 0.734493904 -0.04337329 -1358.367681 0.008882593 -0.050783367 -0.99867019 220.8094275
-0.736336628 -0.676110186 0.026141678 3568.632522 -0.676558918 0.735226329 -0.041355494 -1359.045488 0.008740821 -0.04813795 -0.998802451 220.8162762
-0.736710841 -0.675749358 0.024898648 3567.897185 -0.676148939 0.735660784 -0.040321499 -1359.724612 0.008930269 -0.04654048 -0.998876486 220.8217909
-0.736424492 -0.676076268 0.024491785 3567.156328 -0.676474188 0.735472049 -0.038256207 -1360.406341 0.00785109 -0.044740868 -0.998967775 220.8274125
-0.735959744 -0.676593801 0.024167821 3566.409973 -0.676986346 0.735065448 -0.036990191 -1361.092749 0.007262404 -0.043584576 -0.999023344 220.8355083
-0.735445784 -0.677139436 0.024529225 3565.658815 -0.677538992 0.734500098 -0.0380857 -1361.779708 0.007772611 -0.044629473 -0.998973371 220.8426381
-0.734579167 -0.678095589 0.024079472 3564.902644 -0.678465954 0.733594616 -0.039024199 -1362.469908 0.008797566 -0.045003466 -0.998948092 220.8486743
-0.733485894 -0.679280312 0.024014612 3564.144871 -0.67965511 0.732547838 -0.037981528 -1363.166892 0.008208253 -0.044180569 -0.998989841 220.8554959
-0.73262271 -0.680185957 0.024719022 3563.383923 -0.680586854 0.7316558 -0.038487977 -1363.869098 0.008093166 -0.045020608 -0.998953275 220.8643809
-0.731842577 -0.681088763 0.022902852 3562.621412 -0.681416324 0.730931333 -0.037565672 -1364.578653 0.008845145 -0.043098536 -0.999031671 220.870826
-0.731283285 -0.681767845 0.020429441 3561.856509 -0.681995511 0.730417233 -0.037051164 -1365.292599 0.010338277 -0.041027684 -0.999104524 220.8760726
-0.73062297 -0.682533264 0.018396182 3561.086421 -0.682674571 0.729767748 -0.037342538 -1366.010987 0.012062584 -0.039841921 -0.999133182 220.8837964
-0.730037588 -0.683188078 0.01729656 3560.312694 -0.683306004 0.729260793 -0.035659511 -1366.734922 0.011748449 -0.037851627 -0.999214306 220.8934647
-0.729819907 -0.683401346 0.018041744 3559.53337 -0.683563878 0.729092654 -0.034122245 -1367.462536 0.010165085 -0.037235777 -0.999254806 220.9059446
-0.729992241 -0.683174943 0.019578728 3558.750016 -0.683410329 0.729315389 -0.032394224 -1368.196033 0.007851854 -0.037027837 -0.999283387 220.9165301
-0.730178953 -0.682943333 0.020666399 3557.960935 -0.683222106 0.729507648 -0.03203351 -1368.93256 0.006800776 -0.037509936 -0.999273113 220.9261895
-0.730230785 -0.682847561 0.021959242 3557.16672 -0.683168095 0.729505494 -0.033212779 -1369.671269 0.006659877 -0.039254847 -0.999207037 220.9332615
-0.730318935 -0.682727945 0.022733386 3556.368182 -0.683064724 0.729502666 -0.035333301 -1370.411866 0.007538967 -0.041332952 -0.999116986 220.9395081
-0.73027547 -0.682776692 0.02266555 3555.568248 -0.683090053 0.729356754 -0.03777174 -1371.155747 0.009258392 -0.043066387 -0.999029313 220.9467173
-0.730397531 -0.682658515 0.022288982 3554.769589 -0.682933395 0.729387048 -0.039956367 -1371.900501 0.011019259 -0.044405922 -0.998952797 220.9556941
-0.730413756 -0.682642363 0.022251941 3553.972163 -0.682915916 0.72940487 -0.03992979 -1372.647166 0.011027092 -0.044361472 -0.998954685 220.9665904
-0.730761022 -0.682066369 0.027817205 3553.173899 -0.682603108 0.72973791 -0.039186474 -1373.392017 0.006428507 -0.047624058 -0.998844644 220.9833602
-0.730933652 -0.681841687 0.028773446 3552.375211 -0.682434368 0.729996907 -0.037253864 -1374.136089 0.004396711 -0.046866092 -0.998891505 220.9957998
-0.731453391 -0.681387808 0.026202883 3551.583971 -0.681882428 0.73070593 -0.033244517 -1374.881042 0.003505807 -0.0421841 -0.999103704 221.0038901
-0.732580887 -0.680255875 0.024024773 3550.786396 -0.680640392 0.731701159 -0.036634288 -1375.625523 0.007341735 -0.04318981 -0.999039909 221.0063107
-0.733731587 -0.679105398 0.021302964 3549.992647 -0.679380922 0.732896173 -0.036121494 -1376.370316 0.008917441 -0.040976308 -0.999120324 221.0115751
-0.734814421 -0.677979168 0.019799339 3549.200589 -0.678195968 0.733997011 -0.036036316 -1377.111237 0.009899216 -0.039907836 -0.999154328 221.022849
-0.735274994 -0.677496926 0.019198942 3548.407152 -0.677698628 0.734495838 -0.035219791 -1377.845954 0.009759757 -0.038907328 -0.99919516 221.0347309
-0.735691263 -0.676860639 0.02486045 3547.613053 -0.677314298 0.735088223 -0.02984369 -1378.582381 0.001925395 -0.03879408 -0.999245371 221.0496233
-0.736139715 -0.676079591 0.031854466 3546.822153 -0.676776402 0.73585629 -0.02211837 -1379.316484 -0.008486531 -0.037840561 -0.999247752 221.0661803
-0.736416995 -0.675575177 0.035891352 3546.033198 -0.67639319 0.736292173 -0.019133445 -1380.047117 -0.01350044 -0.03836686 -0.999172519 221.0664846
-0.736934459 -0.67516578 0.032844667 3545.248142 -0.675909336 0.736623344 -0.023078523 -1380.772843 -0.00861232 -0.039207376 -0.99919398 221.0526912
-0.737150908 -0.675050401 0.030257151 3544.460638 -0.67572065 0.736614401 -0.028298891 -1381.495641 -0.003184676 -0.041305935 -0.99914147 221.0422421
-0.737023657 -0.67514129 0.031310823 3543.670441 -0.675866762 0.736197971 -0.034880754 -1382.215156 0.000498473 -0.046869885 -0.998900879 221.0374141
-0.735968575 -0.6762683 0.031803199 3542.883055 -0.677015287 0.735207471 -0.033470507 -1382.936739 -0.000746907 -0.046164493 -0.998933572 221.040286
-0.73496896 -0.677226383 0.03442462 3542.096861 -0.678074979 0.734435967 -0.028603038 -1383.662557 -0.005911947 -0.044364818 -0.998997904 221.0408185
-0.733764509 -0.678349699 0.037832929 3541.310595 -0.67927792 0.733562407 -0.021626432 -1384.389904 -0.013082531 -0.041567781 -0.999050032 221.0407735
-0.732674305 -0.679718722 0.034217271 3540.535997 -0.680382516 0.732745338 -0.012802373 -1385.122724 -0.016370533 -0.032660803 -0.999332416 221.0326295
-0.730932335 -0.681687783 0.032244196 3539.761634 -0.682157885 0.731185701 -0.00530007 -1385.85533 -0.019963502 -0.025869625 -0.999465968 221.0153709
-0.728392502 -0.684280433 0.034708085 3538.981573 -0.684850454 0.728651363 -0.006859063 -1386.579341 -0.020596571 -0.028765937 -0.999373955 221.0036092
-0.724496704 -0.688378279 0.035211787 3538.204273 -0.689051182 0.724623555 -0.011365354 -1387.303794 -0.017691628 -0.032496885 -0.999315245 220.9860062
-0.718157624 -0.694830994 0.038203615 3537.428899 -0.695710794 0.718111982 -0.017368732 -1388.029367 -0.015366141 -0.039052155 -0.999119017 220.967981
-0.710539277 -0.702360282 0.042707955 3536.657136 -0.703505435 0.710337942 -0.022363185 -1388.759981 -0.014630068 -0.0459352 -0.998837283 220.9576689
-0.702198439 -0.710578608 0.044669829 3535.895661 -0.711855774 0.701869503 -0.025309222 -1389.501182 -0.013368199 -0.049570572 -0.998681155 220.9431716
-0.693372502 -0.7192866 0.043143488 3535.147192 -0.720441218 0.693168128 -0.021963564 -1390.259558 -0.014107594 -0.046311278 -0.998827433 220.9272872
-0.684341715 -0.727760337 0.045180851 3534.408387 -0.728968367 0.684271715 -0.019425219 -1391.025967 -0.016779074 -0.046228899 -0.998789944 220.9190795
-0.674674851 -0.736675267 0.046080334 3533.679101 -0.737871574 0.674740101 -0.016472322 -1391.803582 -0.018957496 -0.04511483 -0.998801915 220.9044418
-0.664031611 -0.745987302 0.050645477 3532.954043 -0.747389477 0.664193463 -0.016000431 -1392.588545 -0.021702277 -0.048476689 -0.998588515 220.8845385
-0.65311643 -0.755669891 0.049009645 3532.240837 -0.756992689 0.653230686 -0.015866304 -1393.386491 -0.020024916 -0.047462487 -0.998672276 220.8707609
-0.642845406 -0.764822962 0.042374771 3531.543818 -0.765949296 0.642432419 -0.02454104 -1394.19317 -0.008453376 -0.048233021 -0.998800338 220.8482806
-0.632357126 -0.773878751 0.035158843 3530.85552 -0.774669046 0.63149328 -0.033228089 -1395.010644 0.003511939 -0.048248486 -0.99882919 220.827367
-0.621896507 -0.782392037 0.033278152 3530.172278 -0.783083231 0.621048433 -0.032855702 -1395.846233 0.005038695 -0.046492409 -0.998905935 220.8264485
-0.611115478 -0.79074358 0.035531155 3529.497819 -0.791540738 0.61043854 -0.028775865 -1396.691735 0.001064744 -0.045709733 -0.998954196 220.8382565
-0.600411311 -0.79899852 0.033280975 3528.836527 -0.799688624 0.599780393 -0.02759681 -1397.545403 0.002088534 -0.043183854 -0.999064959 220.841122
-0.591547517 -0.805774449 0.028267866 3528.186888 -0.806225125 0.590780367 -0.031298654 -1398.410187 0.008519556 -0.041304905 -0.999110265 220.8394992
-0.584928359 -0.810691451 0.025262352 3527.547131 -0.810992126 0.584106425 -0.033338497 -1399.283673 0.012271332 -0.039988201 -0.999124796 220.8445213
-0.5795151 -0.814735531 0.019190194 3526.918392 -0.814812207 0.578797577 -0.032778537 -1400.164894 0.015598601 -0.034632061 -0.999278392 220.8567407
-0.574497473 -0.818353786 0.015802973 3526.293137 -0.8183047 0.573820328 -0.03328137 -1401.049653 0.018167868 -0.03205171 -0.999321078 220.8739129
-0.569983737 -0.82150924 0.015527622 3525.669709 -0.821525246 0.569454184 -0.02860426 -1401.94058 0.014656395 -0.029060296 -0.999470204 220.8911617
-0.56707866 -0.823492429 0.016793239 3525.047388 -0.823609593 0.566690016 -0.023014448 -1402.839785 0.009435663 -0.026882076 -0.999594079 220.9119643
-0.565367297 -0.824728454 0.013520231 3524.433129 -0.824831187 0.56521324 -0.013693313 -1403.745861 0.003651451 -0.018893659 -0.999814831 220.9239512
-0.563962023 -0.825753213 0.008858265 3523.819333 -0.825792003 0.56387432 -0.010645121 -1404.650808 0.003795295 -0.013318529 -0.999904102 220.9323759
-0.561468422 -0.827484287 0.004792355 3523.206355 -0.827442999 0.561354705 -0.014797893 -1405.554275 0.009554813 -0.01227395 -0.999879021 220.9344433
-0.557896128 -0.829899835 0.004263058 3522.595785 -0.829769695 0.557699208 -0.021303678 -1406.460527 0.015302415 -0.015422595 -0.999763962 220.9402242
-0.552845883 -0.833256017 0.006770435 3521.984557 -0.833124563 0.552563479 -0.024022172 -1407.368577 0.016275524 -0.018921174 -0.9996885 220.9559644
-0.54757987 -0.836712205 0.008305001 3521.379518 -0.836675486 0.547366439 -0.019081733 -1408.284787 0.01142004 -0.017397364 -0.999783434 220.9793804
-0.542100719 -0.840249113 0.010403736 3520.779947 -0.840257322 0.541879737 -0.018275196 -1409.201665 0.009718144 -0.018648813 -0.999778865 220.9926312
-0.536693662 -0.843703857 0.011122695 3520.184371 -0.843702796 0.536424708 -0.020350082 -1410.12512 0.011202954 -0.020306009 -0.999731044 221.0027888
-0.530871751 -0.847425453 0.006729474 3519.597159 -0.847266365 0.530572345 -0.0251534 -1411.05318 0.017745159 -0.019054886 -0.999660953 221.01079
-0.523942774 -0.851711991 0.008405625 3519.008714 -0.851557565 0.523585114 -0.026614699 -1411.984278 0.018266998 -0.021102453 -0.999610426 221.0295576
-0.516468703 -0.856227108 0.011628326 3518.426118 -0.856140779 0.516054599 -0.026657404 -1412.920364 0.016823941 -0.023723199 -0.999576993 221.0499755
-0.508242216 -0.861107569 0.013550086 3517.852193 -0.86108296 0.507827242 -0.025448551 -1413.864005 0.015032837 -0.024601776 -0.999584297 221.070724
-0.49964553 -0.866151654 0.01164719 3517.290669 -0.866118819 0.499320879 -0.022734356 -1414.815133 0.013875715 -0.02144697 -0.999673693 221.0883516
-0.49173892 -0.870629241 0.014055569 3516.737186 -0.870651892 0.491390472 -0.022376055 -1415.771223 0.012574475 -0.023240685 -0.999650816 221.1045252
-0.483745011 -0.875071929 0.015488149 3516.191384 -0.875113437 0.483354976 -0.023333227 -1416.730475 0.012931978 -0.02484122 -0.999607762 221.1205357
-0.475794114 -0.879394598 0.016884986 3515.656198 -0.879462373 0.475374307 -0.023773985 -1417.692964 0.012880025 -0.026161232 -0.999574757 221.1346608
-0.46828481 -0.883223762 0.025002444 3515.121126 -0.883499035 0.467678392 -0.026577742 -1418.65456 0.011780991 -0.034535588 -0.999334029 221.1550406
-0.461051903 -0.886869818 0.029884274 3514.596742 -0.887333561 0.460451613 -0.024969255 -1419.618082 0.008384216 -0.038029442 -0.999241446 221.1775158
-0.454347945 -0.890314267 0.030140527 3514.088332 -0.890787523 0.453761592 -0.024454161 -1420.583805 0.008095275 -0.037959503 -0.999246487 221.1906431
-0.448673315 -0.893160298 0.030934429 3513.592608 -0.893652922 0.448043686 -0.025324114 -1421.546739 0.008758517 -0.039006897 -0.999200556 221.2026748
-0.4433605 -0.895923507 0.027432412 3513.111974 -0.896293746 0.442806179 -0.024087528 -1422.509103 0.009433341 -0.035266958 -0.999333405 221.2173323
-0.438329485 -0.89835324 0.028787488 3512.637889 -0.898789288 0.437853134 -0.021504644 -1423.467526 0.006714075 -0.035300006 -0.999354207 221.2297215
-0.433738248 -0.90060344 0.028010291 3512.174219 -0.901038253 0.433490532 -0.014697794 -1424.423111 0.001094687 -0.031613339 -0.999499574 221.2449375
-0.431112385 -0.901861241 0.028078717 3511.719198 -0.90229762 0.430939748 -0.012244946 -1425.37427 -0.001056993 -0.030614307 -0.999530713 221.2547376
-0.428597721 -0.903115575 0.026196397 3511.269986 -0.903492881 0.428347428 -0.014801897 -1426.316851 0.002146665 -0.030012317 -0.999547224 221.2587588
-0.427189388 -0.903832097 0.024428813 3510.826041 -0.904144089 0.426854041 -0.01786323 -1427.254292 0.005717823 -0.029718149 -0.999541964 221.2621786
-0.426171769 -0.904376014 0.021946509 3510.386436 -0.904605199 0.425809284 -0.01938785 -1428.194482 0.008188879 -0.02811548 -0.999571139 221.2698487
-0.42527366 -0.90482686 0.020752535 3509.948885 -0.905020914 0.424915398 -0.019597186 -1429.129621 0.008913988 -0.027115645 -0.999592558 221.2825608
-0.424473371 -0.90523901 0.019096925 3509.512322 -0.905377443 0.424100672 -0.020743821 -1430.058795 0.010679097 -0.026095125 -0.999602422 221.2901473
-0.42423729 -0.905438938 0.014249616 3509.087513 -0.90549948 0.423992649 -0.017347218 -1430.983703 0.009665115 -0.020262357 -0.99974798 221.3038701
-0.424340378 -0.905414939 0.012610788 3508.663749 -0.905431999 0.424091967 -0.018409199 -1431.895846 0.01131983 -0.019229977 -0.999751004 221.3176739
-0.42494684 -0.905129612 0.012671529 3508.243663 -0.905133035 0.424673043 -0.019672189 -1432.798762 0.012424624 -0.019829054 -0.999726181 221.332206
-0.424704539 -0.905281137 0.009597852 3507.825876 -0.905158365 0.424391584 -0.024085657 -1433.69367 0.017731044 -0.018916864 -0.999663825 221.3477852
-0.423500848 -0.90578595 0.01410124 3507.406939 -0.905710281 0.42304793 -0.02682043 -1434.583481 0.018328069 -0.024130113 -0.999540804 221.3624827
-0.419963549 -0.907321007 0.019980194 3506.984623 -0.907372891 0.419360303 -0.028484603 -1435.466018 0.017465778 -0.030091981 -0.999394526 221.3852498
-0.414848312 -0.909538853 0.025297298 3506.571451 -0.909841688 0.414377427 -0.021896372 -1436.349506 0.009432972 -0.032100209 -0.999440141 221.4099512
-0.408256789 -0.912416127 0.028691563 3506.16486 -0.912804965 0.407660512 -0.024494951 -1437.231187 0.010653171 -0.036190031 -0.999288142 221.4270798
-0.400194597 -0.915952557 0.029583752 3505.769229 -0.916361609 0.399561181 -0.025144853 -1438.114223 0.011210973 -0.037172249 -0.999245985 221.4409913
-0.391626374 -0.9197292 0.026962606 3505.386914 -0.919990952 0.39090253 -0.028493163 -1438.99926 0.015666244 -0.035964027 -0.999230283 221.4460127
-0.382498399 -0.923487359 0.029429101 3505.010483 -0.923843483 0.381760306 -0.027790063 -1439.884634 0.01442891 -0.037817538 -0.999180484 221.465239
-0.372719282 -0.927402188 0.031709912 3504.641585 -0.927823377 0.371901817 -0.028858606 -1440.771265 0.01497056 -0.040177357 -0.999080408 221.482268
-0.36237298 -0.931411777 0.034028296 3504.281792 -0.931874001 0.361394837 -0.031695719 -1441.659292 0.017224116 -0.043195756 -0.998918143 221.4970401
-0.35167463 -0.935286643 0.039545547 3503.927312 -0.935962047 0.350518935 -0.033339513 -1442.549298 0.017320539 -0.048737792 -0.998661417 221.5148502
-0.341329745 -0.938929953 0.043641142 3503.585587 -0.93975607 0.339966157 -0.035798615 -1443.441488 0.018775881 -0.05323116 -0.998405684 221.5354293
-0.330947787 -0.942820806 0.039528343 3503.261362 -0.943322682 0.32944131 -0.040134047 -1444.336753 0.024816945 -0.050570257 -0.998412124 221.5581329
-0.320845166 -0.946609332 0.031450787 3502.95002 -0.946392222 0.319105988 -0.050131142 -1445.234877 0.037418472 -0.045849114 -0.998247322 221.5745032
-0.311232404 -0.950000075 0.025184277 3502.648658 -0.949243741 0.309497295 -0.056104756 -1446.140512 0.045505057 -0.041367636 -0.998107213 221.5988298
-0.303090778 -0.95271562 0.021654721 3502.357404 -0.951877426 0.301584081 -0.054556471 -1447.050907 0.045446083 -0.037148203 -0.998275846 221.6386762
-0.295758918 -0.955069423 0.019210944 3502.073216 -0.95432403 0.294517298 -0.050251442 -1447.95664 0.04233566 -0.033195778 -0.998551818 221.6884756
-0.289789506 -0.95697044 0.015153169 3501.795022 -0.955859606 0.288577886 -0.055274022 -1448.86053 0.048522736 -0.030502133 -0.998356231 221.727472
-0.285648277 -0.958260322 0.011925516 3501.521552 -0.956845356 0.284488864 -0.059270994 -1449.769133 0.053404366 -0.028341532 -0.998170693 221.7631193
-0.284068544 -0.958716837 0.012926282 3501.250358 -0.957344969 0.282867042 -0.058964795 -1450.678274 0.052874122 -0.029124954 -0.998176369 221.8120258
-0.283734333 -0.958819109 0.0126785 3500.98304 -0.957676326 0.282678067 -0.054306211 -1451.589139 0.048485899 -0.027550436 -0.998443835 221.8690223
-0.283543763 -0.958821447 0.016259359 3500.713844 -0.957915973 0.282403862 -0.051430029 -1452.497505 0.044720509 -0.030157764 -0.998544233 221.9158289
-0.28245707 -0.95907956 0.019606176 3500.440086 -0.958298459 0.28118482 -0.050981958 -1453.402158 0.043382794 -0.033188782 -0.998507105 221.9587105
-0.280318283 -0.959652674 0.022099892 3500.170367 -0.958999866 0.278978373 -0.049903142 -1454.304305 0.041724292 -0.035182557 -0.998509525 222.0035367
-0.275284795 -0.961046256 0.024665282 3499.90062 -0.960461555 0.27382558 -0.050330436 -1455.206749 0.041615892 -0.037545259 -0.998428 222.0392244
-0.268501283 -0.962921208 0.026264214 3499.640262 -0.96241241 0.267003421 -0.049714445 -1456.108856 0.040858459 -0.038625398 -0.998418081 222.0812977
-0.260697366 -0.965087808 0.025345724 3499.3889 -0.964651434 0.259352126 -0.046734201 -1457.013053 0.038529141 -0.036633272 -0.998585754 222.1202497
-0.252496929 -0.967379444 0.020550238 3499.148765 -0.966775764 0.251350323 -0.046557896 -1457.920832 0.039873843 -0.031623198 -0.998704185 222.1550204
-0.244203189 -0.969550905 0.018326079 3498.914028 -0.968816044 0.243113305 -0.047868508 -1458.827789 0.041955641 -0.029444241 -0.998685517 222.1917072
-0.235106818 -0.971831358 0.016388922 3498.688248 -0.970918107 0.234035024 -0.0504543 -1459.736623 0.045197489 -0.027774451 -0.998591892 222.2269247
-0.226300809 -0.973829651 0.021065508 3498.467625 -0.9730719 0.225046342 -0.049851988 -1460.646611 0.043806628 -0.031779799 -0.998534438 222.2677115
-0.21591173 -0.976061634 0.026187996 3498.25292 -0.97561088 0.214569934 -0.04629421 -1461.557433 0.039566845 -0.035544757 -0.998584516 222.3136672
-0.204230291 -0.978404966 0.031838822 3498.048289 -0.978256982 0.202783957 -0.043496492 -1462.464449 0.036100781 -0.040029851 -0.998546115 222.3555626
-0.191380063 -0.980801429 0.037446345 3497.854803 -0.980881906 0.189746026 -0.043210317 -1463.370187 0.035275446 -0.045000035 -0.998363982 222.3923426
-0.178497203 -0.983214433 0.037790562 3497.678848 -0.983296584 0.1768596 -0.042994295 -1464.27159 0.035588987 -0.044833692 -0.998360338 222.4219404
-0.166042776 -0.985510749 0.034617342 3497.520602 -0.985499498 0.164592577 -0.04123133 -1465.173346 0.034936162 -0.040961537 -0.998549757 222.4549068
-0.153576052 -0.98752007 0.03490714 3497.373296 -0.98765807 0.152306295 -0.036528465 -1466.07117 0.030756016 -0.040086216 -0.998722766 222.4848746
-0.141080175 -0.989522332 0.030691028 3497.241083 -0.98977397 0.140320692 -0.025643545 -1466.966783 0.021068274 -0.033994976 -0.999199915 222.5173052
-0.129137766 -0.991224821 0.028227516 3497.12262 -0.991530278 0.12867601 -0.017612255 -1467.861921 0.0138255 -0.030262844 -0.999446355 222.549629
-0.117067859 -0.992735339 0.027778822 3497.012925 -0.993085222 0.116770576 -0.012098549 -1468.748345 0.008766908 -0.029003089 -0.999540876 222.565863
-0.104821329 -0.994066309 0.029063072 3496.911787 -0.994462765 0.104553087 -0.010604749 -1469.632678 0.00750319 -0.030013746 -0.999521324 222.5783518
-0.09251754 -0.995305892 0.028402209 3496.822482 -0.995696178 0.092322583 -0.008103241 -1470.514782 0.005443038 -0.029029663 -0.999563731 222.5893871
-0.081052887 -0.996173601 0.032689247 3496.738891 -0.996708324 0.080952685 -0.004379396 -1471.397263 0.001716356 -0.032936607 -0.999455969 222.6000088
-0.06973222 -0.997081752 0.031070847 3496.667543 -0.99756294 0.069624322 -0.004542437 -1472.27175 0.002365894 -0.031311879 -0.999506863 222.6059888
-0.059164495 -0.997885695 0.026901698 3496.614487 -0.998192969 0.058856131 -0.012114161 -1473.140692 0.010505218 -0.027569814 -0.999564678 222.6089347
-0.047862087 -0.998434195 0.028954759 3496.562713 -0.998552073 0.04711488 -0.025960456 -1474.005148 0.024555607 -0.030155356 -0.999243552 222.6065672
-0.03651797 -0.998884667 0.029930916 3496.521506 -0.998896874 0.035600895 -0.030620452 -1474.867891 0.029520733 -0.031016095 -0.999082844 222.6104421
-0.025814496 -0.99916051 0.031810172 3496.491185 -0.9994362 0.025112103 -0.022285952 -1475.730421 0.021468423 -0.032367538 -0.99924544 222.633744
-0.013720212 -0.9994223 0.031093777 3496.471958 -0.999894137 0.013562749 -0.005269397 -1476.588755 0.004844636 -0.031162782 -0.999502582 222.6666691
-0.001572778 -0.99941928 0.034038642 3496.455881 -0.999983488 0.001759983 0.005470524 -1477.436073 -0.005527255 -0.034029476 -0.999405545 222.68761
0.010306106 -0.999261588 0.037014362 3496.447677 -0.999929522 -0.01008069 0.006271421 -1478.266115 -0.00589366 -0.037076387 -0.999295055 222.6905152
0.021086506 -0.999027951 0.038710622 3496.452418 -0.999763758 -0.02086625 0.006085097 -1479.08605 -0.005271436 -0.038829791 -0.999231935 222.6836903
0.031772592 -0.99875596 0.03843221 3496.469231 -0.999478592 -0.031527411 0.006969041 -1479.896636 -0.005748703 -0.038633596 -0.999236908 222.6846997
0.042359033 -0.998424188 0.036808323 3496.497797 -0.999055111 -0.041969626 0.011288709 -1480.699693 -0.009726088 -0.037251722 -0.999258581 222.6875103
0.053440702 -0.997924955 0.035914846 3496.53167 -0.998491585 -0.052948216 0.014527288 -1481.490888 -0.012595516 -0.03663702 -0.999249259 222.6845376
0.064757965 -0.99718601 0.037768594 3496.569358 -0.997776017 -0.064104462 0.018265755 -1482.2784 -0.01579322 -0.038867451 -0.99911956 222.6806955
0.07639301 -0.996179515 0.04231409 3496.615649 -0.996922265 -0.075562766 0.020886965 -1483.022447 -0.017609797 -0.043779477 -0.998886006 222.6775649
0.089239507 -0.995232204 0.039359497 3496.67688 -0.995883512 -0.088528205 0.019462465 -1483.772617 -0.015885246 -0.040934295 -0.999035556 222.6677484
0.102189843 -0.994028344 0.038273852 3496.749335 -0.994704399 -0.101683576 0.014953547 -1484.515521 -0.010972427 -0.03959927 -0.999155395 222.6562544
0.114743604 -0.992662274 0.038151218 3496.833029 -0.993379285 -0.11444014 0.010052366 -1485.259934 -0.005612574 -0.039052075 -0.999221414 222.6434992
0.126632859 -0.991217995 0.038092069 3496.92707 -0.991940197 -0.126370547 0.009226674 -1486.002499 -0.00433193 -0.038953455 -0.999231636 222.6398008
0.137403853 -0.989882272 0.035401527 3497.029266 -0.990486124 -0.137038626 0.012556041 -1486.746219 -0.007577626 -0.036789969 -0.99929429 222.6390819
0.146497642 -0.988743735 0.030401766 3497.139668 -0.989138666 -0.146046019 0.016590978 -1487.486084 -0.011964168 -0.032502102 -0.999400056 222.6382131
0.152827886 -0.987908266 0.026093952 3497.255373 -0.988074342 -0.152245217 0.023032341 -1488.224462 -0.018781161 -0.029302748 -0.999394125 222.6363033
0.156430379 -0.987389678 0.024313803 3497.370626 -0.987444943 -0.155797134 0.026071798 -1488.953605 -0.021955004 -0.028086963 -0.999364348 222.6306162
0.158300631 -0.987020942 0.027029057 3497.481904 -0.987087671 -0.157514268 0.029106432 -1489.675994 -0.024471196 -0.031287616 -0.999210811 222.6262692
0.159758053 -0.986654018 0.031483534 3497.589445 -0.986945756 -0.158984225 0.025731148 -1490.384942 -0.020382356 -0.035183298 -0.999173006 222.610477
0.160175523 -0.986460263 0.035212956 3497.695917 -0.986945981 -0.159444165 0.022697778 -1491.085701 -0.016775956 -0.038388914 -0.999122044 222.5971034
0.159120935 -0.986697512 0.033294857 3497.809237 -0.987146339 -0.158502562 0.020470574 -1491.776729 -0.014920945 -0.036124193 -0.999235912 222.5849855
0.156878632 -0.98706861 0.032934087 3497.920136 -0.987507999 -0.156276491 0.02013977 -1492.463516 -0.014732511 -0.035682174 -0.99925459 222.5746069
0.153836191 -0.987551555 0.032807808 3498.027528 -0.987938869 -0.15313406 0.022951065 -1493.151635 -0.017641367 -0.035942813 -0.999198127 222.5691289
0.149038093 -0.988258074 0.033669369 3498.128807 -0.988621878 -0.148219106 0.025649158 -1493.838335 -0.020357544 -0.037108977 -0.999103846 222.5635819
0.141285694 -0.989485874 0.030920175 3498.232815 -0.989731991 -0.140499759 0.026275549 -1494.524645 -0.021655008 -0.034315045 -0.99917643 222.5546322
0.130282674 -0.99105195 0.029025127 3498.332205 -0.991228308 -0.129538683 0.026194886 -1495.209139 -0.022200616 -0.032183268 -0.999235393 222.5415506
0.118596488 -0.992555793 0.027710496 3498.42329 -0.992642168 -0.117828055 0.027894008 -1495.893461 -0.024421286 -0.030814738 -0.999226727 222.5240677
0.106470011 -0.993876862 0.029545234 3498.50166 -0.993997056 -0.105636417 0.028474551 -1496.575968 -0.025179145 -0.032399561 -0.999157785 222.5122199
0.094842637 -0.995033729 0.030211785 3498.570786 -0.9951952 -0.094029287 0.027294832 -1497.254313 -0.024318486 -0.032655337 -0.999170776 222.5000604
0.084183671 -0.995965928 0.031064113 3498.632514 -0.996263504 -0.08352345 0.021974187 -1497.932781 -0.01929096 -0.032797909 -0.999275816 222.4856876
0.074672316 -0.996634646 0.033814619 3498.686276 -0.997107477 -0.074140078 0.016731065 -1498.609738 -0.014167741 -0.034966157 -0.999288068 222.465427
0.067300987 -0.997102124 0.035467328 3498.73314 -0.997651994 -0.066800825 0.015104597 -1499.285266 -0.012691579 -0.036400605 -0.999256684 222.4502858
0.06016342 -0.997503921 0.036963361 3498.776862 -0.998077619 -0.059563443 0.017124912 -1499.962538 -0.014880502 -0.037922596 -0.999169879 222.4437403
0.054565689 -0.997782891 0.038103641 3498.814236 -0.998304478 -0.053740156 0.022364354 -1500.640446 -0.020267075 -0.039259362 -0.999023497 222.4409614
0.050550335 -0.998034668 0.037033304 3498.85206 -0.998492382 -0.049709727 0.023278866 -1501.312845 -0.0213922 -0.038154226 -0.999042856 222.4340284
0.047206656 -0.998220484 0.03643346 3498.888203 -0.998644301 -0.046362961 0.023665062 -1501.982273 -0.021933787 -0.037501215 -0.999055838 222.421444
0.045442012 -0.998331365 0.035630163 3498.921037 -0.998689505 -0.044559891 0.025173164 -1502.650995 -0.023543483 -0.036727389 -0.999047949 222.4087729
0.044314582 -0.998256761 0.038982767 3498.945352 -0.998694448 -0.043274045 0.027143252 -1503.31761 -0.025408993 -0.040134715 -0.998871157 222.3945931
0.043736813 -0.998149912 0.042235576 3498.968342 -0.998724641 -0.042616448 0.027072667 -1503.981974 -0.02522265 -0.043365782 -0.998740821 222.3854769
0.043918938 -0.997953545 0.046474178 3498.992015 -0.998785802 -0.042821274 0.024356953 -1504.642521 -0.022317024 -0.04748748 -0.998622496 222.3747729
0.045356491 -0.997927478 0.045645785 3499.019685 -0.998810869 -0.044484105 0.019950245 -1505.29871 -0.017878385 -0.046496379 -0.998758454 222.3556282
