0.978735 0.173341 -0.109683 0.0113468 -0.175665 0.984379 -0.0118149 -0.00262056 0.105922 0.0308311 0.993896 -0.000128244
0.978688 0.173611 -0.10968 0.00285069 -0.175936 0.984331 -0.0118153 0.00162262 0.10591 0.0308601 0.993897 0.000280358
0.978804 0.172921 -0.109734 0.0041172 -0.175243 0.984454 -0.0118038 -0.00233762 0.105987 0.0307837 0.993891 -0.00105144
0.978683 0.173618 -0.109709 0.00359886 -0.175946 0.984329 -0.0118349 0.00124076 0.105935 0.0308854 0.993893 0.000434262
0.978657 0.173769 -0.109705 0.00532162 -0.1761 0.984301 -0.0118562 -0.00344616 0.105922 0.0309221 0.993894 0.000456275
0.978678 0.173647 -0.109709 0.00195332 -0.175976 0.984323 -0.0118365 -0.00439773 0.105934 0.0308902 0.993893 0.00101452
0.978677 0.173646 -0.109716 0.00110167 -0.175974 0.984324 -0.0118246 -0.00305131 0.105942 0.0308795 0.993893 0.000854205
0.97866 0.173765 -0.109684 0.00946449 -0.176095 0.984302 -0.0118512 -0.00474854 0.105903 0.0309131 0.993896 0.00228563
0.978671 0.173681 -0.109714 0.00148387 -0.176008 0.984318 -0.0118226 0.00126172 0.10594 0.030881 0.993893 0.00121371
0.978616 0.173967 -0.109759 0.000129695 -0.176298 0.984266 -0.0118256 -0.00440884 0.105975 0.030923 0.993888 0.000214852
0.978476 0.174725 -0.1098 -0.00966548 -0.17706 0.984129 -0.0118125 -0.00453696 0.105994 0.0309995 0.993883 -0.00020436
0.978448 0.174901 -0.109771 -0.0114884 -0.177241 0.984096 -0.0118593 -0.0102943 0.105951 0.0310596 0.993886 -0.000356623
0.978501 0.174601 -0.109774 -0.00488949 -0.17694 0.98415 -0.0118618 -0.00482691 0.105963 0.0310303 0.993886 4.97643e-05
0.97849 0.174649 -0.109798 -0.00193128 -0.176989 0.984141 -0.0118707 -0.00808031 0.105983 0.0310484 0.993883 0.000783476
0.978539 0.174388 -0.109775 0.00031256 -0.176727 0.984188 -0.0118811 -0.00848747 0.105968 0.0310264 0.993885 0.00126647
0.978493 0.174662 -0.109752 0.00694978 -0.176999 0.98414 -0.0118469 -0.00537837 0.105942 0.0310181 0.993888 0.00250911
0.978483 0.174738 -0.10972 0.00792119 -0.177074 0.984126 -0.0118493 -0.00918062 0.105908 0.031023 0.993892 0.00250582
0.97855 0.174351 -0.109739 0.00497692 -0.176687 0.984195 -0.0118685 -0.00596225 0.105936 0.0310035 0.99389 0.00249386
0.978524 0.174501 -0.10973 0.00728697 -0.176837 0.984169 -0.011853 -0.00443399 0.105924 0.0310027 0.993891 0.00324076
0.978511 0.174561 -0.109743 0.00408173 -0.176897 0.984158 -0.0118429 -0.00817259 0.105938 0.0310017 0.993889 0.00202363
0.978528 0.174493 -0.109709 0.00621093 -0.176829 0.98417 -0.0118627 -0.00460684 0.105903 0.0310077 0.993893 0.00328428
0.978627 0.17394 -0.109697 0.0106731 -0.176273 0.98427 -0.0118662 -0.00508204 0.105908 0.0309493 0.993894 0.00299937
0.978842 0.172743 -0.10967 -0.0111295 -0.175072 0.984484 -0.0118999 -0.00287333 0.105913 0.0308483 0.993897 0.00102076
0.979029 0.171569 -0.109848 -0.0584832 -0.173891 0.984694 -0.0118476 0.00294971 0.106134 0.0307008 0.993878 -0.00472322
0.978791 0.172577 -0.110385 -0.111519 -0.174919 0.984512 -0.0118198 0.00528393 0.106635 0.0308775 0.993819 -0.00972604
0.978561 0.173542 -0.110916 -0.125987 -0.175929 0.984329 -0.0120322 -0.00727594 0.107089 0.0312875 0.993757 -0.0058161
0.97771 0.178449 -0.110632 -0.0304663 -0.180843 0.98344 -0.0119131 -0.0109513 0.106675 0.0316547 0.99379 0.0014003
0.976091 0.187136 -0.110572 0.0956561 -0.189542 0.981805 -0.0115629 -0.0317239 0.106396 0.0322444 0.993801 0.0132966
0.973212 0.201581 -0.110556 0.315343 -0.20405 0.978894 -0.0113771 -0.0819874 0.105929 0.0336313 0.993805 0.0374308
0.968284 0.223969 -0.110742 0.628552 -0.226543 0.973938 -0.011072 -0.132244 0.105376 0.0358088 0.993787 0.0711731
0.959662 0.25852 -0.110524 1.0264 -0.261258 0.965209 -0.0107953 -0.242826 0.103888 0.039235 0.993815 0.120342
0.946126 0.30413 -0.111132 1.59644 -0.304783 0.952353 0.0114857 -0.456457 0.10933 0.0230042 0.993739 0.177152
0.927808 0.357343 -0.107139 2.11114 -0.357662 0.933698 0.0168779 -0.631675 0.106066 0.02266 0.994101 0.196152
0.90232 0.417306 -0.108045 2.6236 -0.418287 0.908199 0.0145093 -0.903012 0.104181 0.0321019 0.99404 0.274254
0.868936 0.483428 -0.106054 3.16302 -0.485081 0.874396 0.0113372 -1.25266 0.0982135 0.0415933 0.994296 0.351602
0.825077 0.55652 -0.0976362 3.7255 -0.558412 0.829512 0.0092944 -1.62233 0.0861629 0.0468526 0.995179 0.390119
0.77197 0.630289 -0.0824548 4.24811 -0.633057 0.77404 -0.0100882 -2.08424 0.0574648 0.0599864 0.996544 0.444688
0.708098 0.701757 -0.0783146 4.73508 -0.704945 0.708943 -0.0212539 -2.63042 0.0406055 0.0702574 0.996702 0.502208
0.635354 0.768339 -0.0773341 5.174 -0.771787 0.635161 -0.0302456 -3.25608 0.0258807 0.0789021 0.996546 0.518737
0.553072 0.829256 -0.080291 5.56459 -0.833076 0.551594 -0.0415786 -3.94611 0.00980869 0.0898845 0.995904 0.554952
0.465637 0.88129 -0.0806877 5.95419 -0.884976 0.463638 -0.0430989 -4.71062 -0.000572731 0.0914751 0.995807 0.573415
0.378548 0.922215 -0.07887 6.31916 -0.925484 0.375893 -0.0467324 -5.59294 -0.0134506 0.0906834 0.995789 0.563578
0.29658 0.951673 -0.0797488 6.58726 -0.954717 0.293393 -0.0493544 -6.51538 -0.0235715 0.0907751 0.995592 0.562288
0.217209 0.972593 -0.0829697 6.78409 -0.975732 0.213924 -0.0467265 -7.49525 -0.0276966 0.0911056 0.995456 0.546987
0.144302 0.985914 -0.0845645 6.9395 -0.989043 0.141012 -0.0437069 -8.56155 -0.0311667 0.0899449 0.995459 0.516153
0.0836131 0.99271 -0.0868058 7.01722 -0.995816 0.0800145 -0.0441448 -9.69735 -0.0368772 0.0901336 0.995247 0.482199
0.0389037 0.995106 -0.0908318 7.07129 -0.998285 0.0347257 -0.0471344 -10.9289 -0.0437496 0.0925097 0.99475 0.448899
0.00940018 0.995588 -0.0933622 7.08099 -0.998714 0.00469593 -0.0504796 -12.2331 -0.0498184 0.0937166 0.994352 0.402767
-0.00970732 0.99549 -0.0943688 7.07857 -0.998466 -0.0147934 -0.0533471 -13.5561 -0.0545025 0.0937062 0.994107 0.342553
-0.0253371 0.995295 -0.0935216 7.03707 -0.997954 -0.0306764 -0.0561022 -14.9324 -0.0587071 0.0919088 0.994035 0.274414
-0.0429152 0.994698 -0.0934523 6.98284 -0.996817 -0.0489212 -0.0629549 -16.3335 -0.0671929 0.0904531 0.993631 0.207876
-0.0637477 0.993462 -0.0947102 6.8912 -0.995327 -0.0701894 -0.0663144 -17.715 -0.0725285 0.0900403 0.993294 0.130706
-0.0924194 0.991398 -0.0926725 6.78643 -0.992948 -0.0987024 -0.0656698 -19.1341 -0.0742519 0.0859498 0.993529 0.0530398
-0.131055 0.986936 -0.0937128 6.60164 -0.988474 -0.137313 -0.0637581 -20.5763 -0.0757931 0.0842768 0.993556 -0.0453223
-0.168221 0.981104 -0.0955903 6.3468 -0.982642 -0.174594 -0.062697 -22.008 -0.0782017 0.0833841 0.993444 -0.12998
-0.210714 0.972985 -0.0943442 6.05575 -0.974161 -0.217031 -0.0625209 -23.4555 -0.0813075 0.0787324 0.993575 -0.231318
-0.256555 0.961919 -0.0942969 5.71155 -0.962946 -0.262778 -0.0606905 -24.8837 -0.0831585 0.0752323 0.993692 -0.334126
-0.303155 0.948719 -0.0896089 5.2673 -0.949359 -0.308823 -0.0578466 -26.3217 -0.0825535 0.0675345 0.994296 -0.441814
-0.355173 0.93036 -0.0910085 4.75949 -0.931549 -0.36037 -0.048482 -27.7206 -0.0779025 0.0675594 0.994669 -0.553893
-0.407524 0.908095 -0.0963696 4.13558 -0.910409 -0.412248 -0.0347349 -29.0802 -0.0712708 0.0735805 0.994739 -0.660118
-0.457431 0.883674 -0.0993811 3.44625 -0.886881 -0.461501 -0.0214283 -30.4385 -0.0648001 0.0783372 0.994819 -0.759923
-0.507317 0.856902 -0.0913658 2.66398 -0.860556 -0.509355 0.00118132 -31.7471 -0.0455253 0.0792247 0.995817 -0.843878
-0.554286 0.828714 -0.0774616 1.81873 -0.832027 -0.554179 0.0248436 -33.0525 -0.0223394 0.0782205 0.996686 -0.904355
-0.600049 0.797388 -0.0641401 0.856697 -0.799954 -0.598508 0.0431532 -34.3665 -0.00397853 0.0772031 0.997007 -0.918728
-0.639351 0.766087 -0.0658945 -0.237422 -0.76886 -0.637981 0.0428376 -35.7048 -0.00922213 0.0780519 0.996907 -0.919613
-0.669313 0.739073 -0.0761036 -1.42365 -0.742779 -0.667997 0.0453845 -36.9969 -0.0172945 0.0869046 0.996067 -0.929726
-0.691564 0.718009 -0.078758 -2.6357 -0.722042 -0.69018 0.0480297 -38.284 -0.0198715 0.0900822 0.995736 -0.958722
-0.706983 0.702917 -0.0779907 -3.90818 -0.706906 -0.705688 0.0478341 -39.5803 -0.0214137 0.0889501 0.995806 -0.97847
-0.716879 0.692828 -0.0779382 -5.25732 -0.696796 -0.715772 0.0463358 -40.9236 -0.0236832 0.0875241 0.995881 -1.00499
-0.721515 0.688068 -0.0773175 -6.66159 -0.691874 -0.720807 0.0418117 -42.3011 -0.0269617 0.0836617 0.996129 -1.03506
-0.724005 0.685644 -0.0755554 -8.04753 -0.689225 -0.723506 0.0388471 -43.6649 -0.0280295 0.0802002 0.996385 -1.07389
-0.725566 0.684126 -0.0743388 -9.48689 -0.687589 -0.7251 0.0380916 -45.0296 -0.0278437 0.0787525 0.996505 -1.12343
-0.725389 0.684407 -0.0734659 -10.9331 -0.687728 -0.725102 0.0354635 -46.4272 -0.0289988 0.0762494 0.996667 -1.15524
-0.724602 0.68522 -0.0736607 -12.386 -0.688538 -0.724361 0.0348874 -47.8275 -0.0294514 0.0759976 0.996673 -1.20484
-0.722567 0.687487 -0.0725177 -13.8789 -0.690705 -0.722317 0.0344311 -49.2578 -0.0287098 0.0749671 0.996773 -1.24285
-0.721269 0.688857 -0.0724382 -15.3526 -0.692052 -0.721052 0.0338796 -50.6915 -0.0288936 0.0745673 0.996797 -1.27907
-0.720728 0.689686 -0.0698838 -16.839 -0.692704 -0.720406 0.0342941 -52.1347 -0.0266926 0.0731255 0.996965 -1.32705
-0.719951 0.690606 -0.0688017 -18.3662 -0.693502 -0.719712 0.0327001 -53.6127 -0.0269345 0.0712566 0.997094 -1.36834
-0.719851 0.6906 -0.0699023 -19.921 -0.693516 -0.71979 0.0306255 -55.1356 -0.0291651 0.0705242 0.997084 -1.40255
-0.71975 0.690658 -0.0703656 -21.5084 -0.693651 -0.719592 0.0321628 -56.6414 -0.0284211 0.0719584 0.997003 -1.44261
-0.719628 0.690829 -0.0699394 -23.071 -0.693856 -0.719286 0.0345293 -58.1401 -0.0264526 0.073376 0.996953 -1.47984
-0.719613 0.690745 -0.0709167 -24.6478 -0.693832 -0.719329 0.0340968 -59.6559 -0.0274603 0.0737407 0.996899 -1.52911
-0.719622 0.690737 -0.0708947 -26.2555 -0.693738 -0.719556 0.0310982 -61.2003 -0.029532 0.0715613 0.996999 -1.55453
-0.722283 0.688114 -0.0693272 -27.7944 -0.691032 -0.72211 0.0321233 -62.7062 -0.0279574 0.0711095 0.997077 -1.59402
-0.724067 0.686408 -0.0676002 -29.3466 -0.689182 -0.723912 0.0312915 -64.1958 -0.0274578 0.069246 0.997222 -1.62689
-0.723988 0.685904 -0.0733275 -30.9474 -0.688797 -0.724593 0.0229091 -65.704 -0.0374191 0.0670936 0.997045 -1.65164
-0.723624 0.685903 -0.0768489 -32.5142 -0.688871 -0.724637 0.0189137 -67.1855 -0.0427146 0.0666254 0.996863 -1.70211
-0.723727 0.686067 -0.0743739 -34.0616 -0.689144 -0.72416 0.0259524 -68.6508 -0.0360535 0.0700367 0.996893 -1.75712
-0.722274 0.687487 -0.0753851 -35.61 -0.690544 -0.722908 0.0235139 -70.1431 -0.038331 0.0690402 0.996877 -1.82074
-0.719283 0.690381 -0.0775005 -37.1777 -0.692974 -0.720898 0.00968576 -71.6595 -0.0491831 0.0606726 0.996945 -1.87537
-0.714986 0.694873 -0.0771136 -38.7097 -0.69711 -0.716958 0.00297201 -73.1773 -0.053222 0.0558816 0.997018 -1.96275
-0.706267 0.703672 -0.0776695 -40.2166 -0.706276 -0.707879 0.00907015 -74.6707 -0.0485982 0.0612621 0.996938 -2.03634
-0.690149 0.718986 -0.0821752 -41.7213 -0.722189 -0.691539 0.0147421 -76.1927 -0.046228 0.0695202 0.996509 -2.09693
-0.671726 0.73632 -0.0813407 -43.1609 -0.739364 -0.673204 0.0117566 -77.7683 -0.0461022 0.0680376 0.996617 -2.17252
-0.652072 0.753683 -0.0822383 -44.5912 -0.756697 -0.653705 0.00893268 -79.3899 -0.0470271 0.0680542 0.996573 -2.24873
-0.629806 0.772363 -0.0824613 -45.9482 -0.775587 -0.63112 0.0123218 -81.0307 -0.0425261 0.0717163 0.996518 -2.31449
-0.60995 0.789086 -0.0728295 -47.2621 -0.79205 -0.609952 0.0248079 -82.7556 -0.0248469 0.0728162 0.997036 -2.36373
-0.58783 0.805636 -0.0735346 -48.5538 -0.808573 -0.587998 0.0216356 -84.5041 -0.0258078 0.0721761 0.997058 -2.3971
-0.57142 0.817975 -0.066301 -49.7866 -0.820493 -0.571055 0.0262014 -86.2651 -0.0164295 0.0693715 0.997456 -2.42369
-0.560476 0.826233 -0.0566217 -50.9991 -0.828104 -0.55999 0.0256113 -88.0697 -0.0105467 0.0612431 0.998067 -2.43341
-0.552791 0.831487 -0.0552436 -52.1984 -0.833167 -0.552743 0.0175458 -89.8696 -0.0159464 0.0557264 0.998319 -2.44517
-0.549844 0.833046 -0.0608819 -53.3822 -0.835004 -0.550038 0.0150336 -91.7467 -0.0209637 0.0591028 0.998032 -2.49013
-0.544547 0.837098 -0.0523116 -54.5401 -0.838651 -0.544293 0.0202287 -93.5437 -0.0115394 0.0548866 0.998426 -2.4946
-0.533963 0.843843 -0.053036 -55.7262 -0.845414 -0.533787 0.0186156 -95.4068 -0.0126012 0.0547774 0.998419 -2.48927
-0.522669 0.850495 -0.0589538 -56.8774 -0.852436 -0.522412 0.0209316 -97.2551 -0.0129959 0.0611947 0.998041 -2.51589
-0.511135 0.857972 -0.0512436 -57.9816 -0.859473 -0.510688 0.0224508 -99.1091 -0.00690737 0.0555178 0.998434 -2.46866
-0.495266 0.86674 -0.0589302 -59.0915 -0.868712 -0.494666 0.0253943 -101.036 -0.00714049 0.0637703 0.997939 -2.47657
-0.478002 0.876465 -0.0576476 -60.1459 -0.878318 -0.477584 0.0217189 -102.967 -0.00849572 0.0610146 0.998101 -2.46655
-0.462349 0.884815 -0.0577481 -61.1596 -0.886667 -0.461893 0.0218144 -104.894 -0.00737167 0.0612892 0.998093 -2.45949
-0.447683 0.891443 -0.07007 -62.171 -0.894147 -0.447074 0.025019 -106.84 -0.0090235 0.0738535 0.997228 -2.45822
-0.435489 0.897307 -0.072036 -63.1187 -0.900154 -0.434825 0.0254834 -108.785 -0.00845658 0.0759412 0.997076 -2.45461
-0.425677 0.902034 -0.0716457 -64.0187 -0.904826 -0.425143 0.0233145 -110.732 -0.00942913 0.0747514 0.997158 -2.46139
-0.41772 0.905993 -0.0684582 -64.893 -0.908408 -0.417904 0.0122953 -112.628 -0.0174695 0.0673239 0.997578 -2.45298
-0.413959 0.907925 -0.0656518 -65.7472 -0.910215 -0.413806 0.0165525 -114.508 -0.0121387 0.0666092 0.997705 -2.43442
-0.412105 0.909043 -0.0617346 -66.578 -0.911098 -0.411759 0.0188067 -116.356 -0.0083237 0.0639967 0.997915 -2.43351
-0.410677 0.910027 -0.0565221 -67.3973 -0.911749 -0.410393 0.0170914 -118.222 -0.00764263 0.058553 0.998255 -2.4155
-0.41156 0.909627 -0.0565347 -68.2022 -0.911369 -0.411102 0.0200463 -120.04 -0.00500688 0.0597742 0.998199 -2.41759
-0.410759 0.910042 -0.0556758 -69.0209 -0.911743 -0.409929 0.0261204 -121.866 0.0009475 0.0614913 0.998107 -2.39942
-0.402359 0.913366 -0.0622093 -69.8331 -0.915469 -0.401784 0.0220445 -123.695 -0.00486003 0.0658205 0.99782 -2.37875
-0.387745 0.918752 -0.0744848 -70.5964 -0.92176 -0.386778 0.0275902 -125.44 -0.0034605 0.0793551 0.99684 -2.37492
-0.370468 0.925764 -0.075598 -71.317 -0.928845 -0.369156 0.0311593 -127.25 0.000938709 0.0817623 0.996651 -2.35687
-0.351077 0.932977 -0.0793657 -71.9793 -0.936343 -0.349587 0.0324153 -128.969 0.00249751 0.0856938 0.996318 -2.34276
-0.329741 0.939921 -0.0884319 -72.6534 -0.944059 -0.327802 0.0360346 -130.823 0.00488143 0.095367 0.99543 -2.30746
-0.310552 0.945559 -0.0973413 -73.2205 -0.950273 -0.306325 0.0560933 -132.498 0.0232214 0.109921 0.993669 -2.26111
-0.293176 0.953575 -0.0688627 -73.7778 -0.955528 -0.289853 0.054334 -134.404 0.0318515 0.0817297 0.996145 -2.18825
-0.279715 0.95757 -0.0694214 -74.2989 -0.959467 -0.276212 0.0559516 -136.209 0.0344025 0.082258 0.996017 -2.10704
-0.273578 0.960471 -0.051487 -74.799 -0.96108 -0.270826 0.0545834 -138.029 0.0384818 0.0644159 0.997181 -2.04613
-0.272511 0.959936 -0.0652684 -75.3158 -0.961552 -0.269317 0.0537125 -139.836 0.0339826 0.0773962 0.996421 -1.94091
-0.26968 0.960502 -0.0686117 -75.8337 -0.962398 -0.266428 0.0529775 -141.658 0.0326049 0.0803188 0.996236 -1.85389
-0.258157 0.96342 -0.0719446 -76.3367 -0.965564 -0.254811 0.0525105 -143.534 0.0322575 0.0830231 0.996025 -1.77129
-0.242326 0.967474 -0.0726081 -76.8059 -0.969677 -0.239072 0.0507104 -145.411 0.0317025 0.0826948 0.996071 -1.68291
-0.224729 0.971924 -0.0697239 -77.2081 -0.973801 -0.221459 0.0516432 -147.198 0.0347523 0.079503 0.996229 -1.61035
-0.205364 0.975707 -0.0762969 -77.6211 -0.978106 -0.201935 0.0503138 -149.05 0.0336845 0.0849591 0.995815 -1.53241
-0.180763 0.979415 -0.0898417 -77.9861 -0.982992 -0.176897 0.0493446 -150.848 0.0324361 0.0972333 0.994733 -1.45018
-0.154874 0.983977 -0.088332 -78.2801 -0.987367 -0.151135 0.0475955 -152.643 0.0334828 0.0945874 0.994953 -1.34944
-0.129162 0.987721 -0.0878889 -78.5205 -0.991227 -0.126095 0.0396218 -154.468 0.0280529 0.0922355 0.995342 -1.30524
-0.103745 0.990951 -0.0851607 -78.7206 -0.99456 -0.102553 0.0182616 -156.26 0.00936288 0.086592 0.9962 -1.23738
-0.0785352 0.993373 -0.083918 -78.86 -0.996882 -0.0776093 0.014244 -158.038 0.00763677 0.084775 0.996371 -1.18271
-0.0554045 0.995286 -0.0795983 -78.9628 -0.998442 -0.0546958 0.011059 -159.831 0.0066532 0.080087 0.996766 -1.10779
-0.0346677 0.996813 -0.071846 -79.0067 -0.999015 -0.0325719 0.0301394 -161.541 0.0277032 0.0728201 0.99696 -0.999015
-0.0116231 0.997461 -0.0702656 -79.0518 -0.999494 -0.00950839 0.0303554 -163.297 0.0296102 0.0705829 0.997066 -1.01546
0.0133029 0.996971 -0.0766259 -79.0411 -0.999901 0.0136095 0.00348042 -165.095 0.00451272 0.076572 0.997054 -0.955893
0.0370787 0.996214 -0.0786314 -78.989 -0.999307 0.0372314 0.000477177 -166.761 0.00340293 0.0785591 0.996904 -0.891152
0.0583161 0.995323 -0.0770177 -78.8863 -0.998296 0.0583122 -0.00230154 -168.419 0.00220029 0.0770206 0.997027 -0.871706
0.0810281 0.993921 -0.074531 -78.7665 -0.996712 0.0807766 -0.00638701 -170.058 -0.000327826 0.0748035 0.997198 -0.854859
0.105263 0.991631 -0.0747473 -78.6173 -0.994444 0.104952 -0.0080975 -171.654 -0.000184895 0.0751844 0.99717 -0.821017
0.131002 0.988351 -0.0774614 -78.4039 -0.991364 0.131068 -0.00425733 -173.18 0.00594497 0.0773502 0.996986 -0.781055
0.153634 0.985268 -0.0751272 -78.1567 -0.988108 0.153672 -0.00530143 -174.707 0.00632163 0.0750482 0.99716 -0.765597
0.170402 0.982848 -0.0705143 -77.8727 -0.985374 0.170059 -0.0108775 -176.225 0.00130066 0.0713365 0.997451 -0.733248
0.175953 0.981935 -0.0696053 -77.6214 -0.984393 0.175286 -0.0156286 -177.709 -0.00314543 0.0712689 0.997452 -0.717687
0.177736 0.981309 -0.0737699 -77.3808 -0.984078 0.177164 -0.01429 -179.116 -0.000953598 0.0751351 0.997173 -0.680814
0.174506 0.98193 -0.073214 -77.1242 -0.984656 0.174053 -0.0125687 -180.483 0.000401512 0.0742839 0.997237 -0.668207
0.166402 0.983316 -0.0734811 -76.8929 -0.986054 0.165735 -0.0151183 -181.856 -0.00268761 0.0749721 0.997182 -0.651686
0.147614 0.986438 -0.0717664 -76.6637 -0.98903 0.146829 -0.0161356 -183.203 -0.0053794 0.073361 0.997291 -0.633181
0.123001 0.989763 -0.0723886 -76.4779 -0.99237 0.12204 -0.0175573 -184.592 -0.00854325 0.0739958 0.997222 -0.629541
0.100603 0.992238 -0.0730954 -76.3242 -0.994898 0.099775 -0.014907 -185.954 -0.00749818 0.0742222 0.997214 -0.620463
0.0848075 0.993581 -0.0748693 -76.2286 -0.996396 0.0844243 -0.00827334 -187.288 -0.00189944 0.075301 0.997159 -0.617916
0.0716371 0.994512 -0.0762485 -76.1199 -0.997396 0.0707884 -0.0137795 -188.662 -0.00830638 0.077037 0.996994 -0.603071
0.0649275 0.995049 -0.0752407 -76.025 -0.997841 0.0639923 -0.0147778 -190.002 -0.00988979 0.0760377 0.997056 -0.600364
0.0625015 0.995081 -0.0768531 -75.9502 -0.997962 0.0613182 -0.0176629 -191.338 -0.0128635 0.0778005 0.996886 -0.599953
0.06277 0.99459 -0.0827646 -75.8784 -0.997979 0.0617324 -0.0150391 -192.678 -0.00984845 0.0835414 0.996456 -0.594309
0.0670125 0.994419 -0.0814861 -75.7948 -0.997732 0.0662748 -0.0117279 -193.998 -0.00626201 0.0820873 0.996605 -0.587901
0.0768731 0.993324 -0.0860145 -75.7026 -0.996925 0.0752628 -0.0218147 -195.32 -0.0151953 0.0874269 0.996055 -0.58966
0.0862289 0.992865 -0.0823585 -75.5991 -0.995979 0.0838908 -0.0314462 -196.663 -0.0243127 0.0847389 0.996107 -0.579387
0.0955882 0.992205 -0.0799448 -75.4462 -0.995089 0.0931739 -0.0334126 -197.946 -0.0257034 0.0827461 0.996239 -0.599563
0.102815 0.991443 -0.0804365 -75.3112 -0.994333 0.100243 -0.0353866 -199.254 -0.0270205 0.083619 0.996131 -0.609118
0.11445 0.990393 -0.0776075 -75.1506 -0.993088 0.112015 -0.0350528 -200.578 -0.0260228 0.0810829 0.996368 -0.629328
0.130794 0.988516 -0.0756945 -74.9775 -0.991063 0.128348 -0.0363492 -201.912 -0.0262166 0.0797723 0.996468 -0.641314
0.145192 0.986608 -0.0743168 -74.7889 -0.989091 0.14285 -0.0359465 -203.274 -0.024849 0.0787252 0.996587 -0.660135
0.156673 0.985321 -0.0677943 -74.5513 -0.987282 0.15437 -0.0380013 -204.65 -0.0269781 0.0728859 0.996975 -0.67958
0.164596 0.984438 -0.061562 -74.3044 -0.985748 0.161973 -0.0454482 -206.054 -0.0347696 0.0681652 0.997068 -0.724194
0.168488 0.984105 -0.0561257 -74.0469 -0.985008 0.165956 -0.0470997 -207.454 -0.0370366 0.06322 0.997312 -0.724767
0.168834 0.984215 -0.0530715 -73.7978 -0.985256 0.167011 -0.0371133 -208.84 -0.027664 0.058555 0.997901 -0.751184
0.167181 0.9848 -0.0471173 -73.5424 -0.985511 0.165534 -0.0369554 -210.221 -0.0285941 0.0526129 0.998206 -0.779608
0.165311 0.985053 -0.0484005 -73.2811 -0.985848 0.16366 -0.0363241 -211.63 -0.02786 0.0537203 0.998167 -0.806466
0.164336 0.984942 -0.0536851 -73.0506 -0.986078 0.162638 -0.0346327 -213.042 -0.02538 0.0586291 0.997957 -0.826195
0.162591 0.985184 -0.054561 -72.825 -0.986509 0.161243 -0.0282949 -214.46 -0.0190782 0.0584254 0.998109 -0.837092
0.16132 0.985143 -0.058907 -72.5894 -0.986715 0.159839 -0.0290752 -215.925 -0.0192276 0.0628148 0.99784 -0.846861
0.161625 0.985179 -0.0574489 -72.3295 -0.986538 0.159832 -0.0345812 -217.435 -0.0248865 0.0622647 0.997749 -0.877368
0.163578 0.984696 -0.060141 -72.0704 -0.986463 0.162549 -0.0216467 -218.95 -0.0115395 0.0628678 0.997955 -0.882096
0.167092 0.98495 -0.0441937 -71.7782 -0.985813 0.16618 -0.0235948 -220.524 -0.0158956 0.0475093 0.998744 -0.892525
0.172394 0.984008 -0.0448124 -71.4911 -0.984408 0.170494 -0.0432682 -222.157 -0.034936 0.0515729 0.998058 -0.951396
0.176925 0.983132 -0.0463566 -71.21 -0.98347 0.174748 -0.0474393 -223.814 -0.0385384 0.0539835 0.997798 -0.972293
0.181696 0.9821 -0.0496659 -70.8972 -0.982963 0.179966 -0.0373605 -225.497 -0.0277535 0.055608 0.998067 -1.02027
0.183831 0.981757 -0.0485711 -70.5693 -0.982658 0.18233 -0.0337392 -227.165 -0.0242677 0.0539311 0.99825 -1.04222
0.186667 0.981314 -0.046682 -70.2234 -0.982063 0.1851 -0.0359312 -228.922 -0.0266189 0.0525518 0.998263 -1.07162
0.191733 0.979839 -0.0561515 -69.8756 -0.980785 0.18919 -0.0476172 -230.697 -0.0360339 0.0642024 0.997286 -1.09908
0.197486 0.978371 -0.0615636 -69.535 -0.978934 0.1935 -0.065163 -232.511 -0.0518411 0.0731355 0.995974 -1.17329
0.202577 0.977437 -0.0598269 -69.1557 -0.978501 0.199627 -0.0518112 -234.264 -0.0386991 0.0690364 0.996863 -1.22244
0.206121 0.976989 -0.0548264 -68.7539 -0.978072 0.203995 -0.0419633 -236.032 -0.0298134 0.0622737 0.997614 -1.24987
0.212926 0.975566 -0.0541517 -68.3643 -0.976581 0.210742 -0.043333 -237.795 -0.0308622 0.0621103 0.997592 -1.28529
0.216848 0.974858 -0.0512756 -67.9691 -0.975603 0.214569 -0.0464687 -239.584 -0.0342982 0.0601013 0.997603 -1.32175
0.219372 0.974504 -0.0470959 -67.5523 -0.974867 0.217019 -0.0503647 -241.385 -0.0388599 0.0569608 0.99762 -1.36319
0.22139 0.973835 -0.0513071 -67.1301 -0.974703 0.21932 -0.0430329 -243.191 -0.0306542 0.0595363 0.997755 -1.41053
0.225937 0.972877 -0.0496309 -66.7128 -0.973504 0.223652 -0.0476361 -245.024 -0.035244 0.0590786 0.997631 -1.43615
0.230111 0.972098 -0.0455389 -66.2673 -0.972328 0.227721 -0.0521714 -246.877 -0.0403456 0.0562839 0.997599 -1.48816
0.232626 0.971502 -0.0454913 -65.8013 -0.972123 0.230854 -0.0410298 -248.733 -0.0293587 0.0537677 0.998122 -1.53563
0.237971 0.970116 -0.0473807 -65.3362 -0.971052 0.236596 -0.0328611 -250.602 -0.020669 0.0538292 0.998336 -1.56099
0.243885 0.968681 -0.0466675 -64.8521 -0.969447 0.242207 -0.0388378 -252.507 -0.0263182 0.0547136 0.998155 -1.57084
0.245747 0.968175 -0.0473998 -64.3611 -0.968796 0.243687 -0.0452865 -254.435 -0.0322945 0.0570497 0.997849 -1.61775
0.246592 0.968067 -0.0451482 -63.8628 -0.968677 0.244805 -0.0416474 -256.377 -0.029265 0.054004 0.998112 -1.6481
0.246698 0.968058 -0.0447561 -63.3575 -0.968756 0.245132 -0.0376993 -258.306 -0.025524 0.0526581 0.998286 -1.67828
0.247952 0.967826 -0.0428064 -62.8532 -0.968639 0.246944 -0.0274993 -260.244 -0.0160438 0.0482825 0.998705 -1.70678
0.251731 0.967022 -0.0387234 -62.3345 -0.96759 0.250648 -0.0307488 -262.197 -0.0200288 0.0452088 0.998777 -1.70391
0.256351 0.965746 -0.0402412 -61.8262 -0.96633 0.255109 -0.0335437 -264.13 -0.0221288 0.0474852 0.998627 -1.72587
0.261116 0.964468 -0.0402451 -61.2907 -0.965146 0.260083 -0.0291407 -266.07 -0.0176382 0.0464515 0.998765 -1.72358
0.26667 0.963182 -0.0341753 -60.7268 -0.963486 0.265531 -0.0344753 -268.022 -0.0241314 0.0421209 0.998821 -1.7351
0.275018 0.961047 -0.0274577 -60.1524 -0.961014 0.273935 -0.0375751 -269.971 -0.0285898 0.036721 0.998917 -1.77274
0.284452 0.958297 -0.0274714 -59.565 -0.958661 0.284103 -0.0159662 -271.858 -0.00749567 0.0308773 0.999495 -1.78646
0.293538 0.955742 -0.0198016 -58.9713 -0.955921 0.293314 -0.0134585 -273.784 -0.00705476 0.0228794 0.999713 -1.78063
0.303835 0.952487 -0.0212843 -58.3455 -0.952496 0.303196 -0.0286916 -275.747 -0.0208751 0.0289908 0.999362 -1.78454
0.316135 0.948246 -0.0297933 -57.7297 -0.948608 0.315473 -0.0249051 -277.653 -0.0142172 0.0361355 0.999246 -1.78092
0.325898 0.945076 -0.0249216 -57.0437 -0.94528 0.325314 -0.0248252 -279.551 -0.0153544 0.0316484 0.999381 -1.78369
0.335734 0.941592 -0.0262237 -56.3741 -0.941893 0.335258 -0.020954 -281.458 -0.0109384 0.0317349 0.999436 -1.78613
0.34685 0.937568 -0.025705 -55.6781 -0.937912 0.346599 -0.0138005 -283.338 -0.0040296 0.0288957 0.999574 -1.77248
0.361221 0.932285 -0.0190792 -54.9326 -0.932353 0.360758 -0.0239102 -285.252 -0.0154081 0.0264254 0.999532 -1.77028
0.3772 0.926063 -0.0112421 -54.152 -0.925766 0.376683 -0.0326607 -287.152 -0.0260112 0.0227272 0.999403 -1.78908
0.392523 0.919568 -0.0179273 -53.3746 -0.919652 0.392137 -0.0216352 -288.996 -0.0128651 0.0249792 0.999605 -1.79065
0.408519 0.912293 -0.028861 -52.5668 -0.912737 0.408478 -0.00756368 -290.842 0.00488878 0.0294324 0.999555 -1.7923
0.424549 0.904848 -0.0317439 -51.7061 -0.905399 0.424414 -0.0112017 -292.703 0.00333669 0.0334966 0.999433 -1.75916
0.436662 0.898971 -0.0343245 -50.8188 -0.899522 0.435715 -0.0318157 -294.568 -0.0136457 0.0447683 0.998904 -1.74033
0.448474 0.893336 -0.0286787 -49.8886 -0.89366 0.447613 -0.0318541 -296.392 -0.0156194 0.0399147 0.999081 -1.72749
0.458686 0.888174 -0.0274641 -48.9521 -0.888467 0.457868 -0.0313561 -298.19 -0.0152747 0.0387835 0.999131 -1.72089
0.466617 0.883899 -0.0314689 -48.0082 -0.88443 0.466015 -0.0247825 -299.966 -0.00724029 0.039396 0.999197 -1.72659
0.47342 0.880406 -0.0275292 -47.0436 -0.880769 0.472765 -0.0271867 -301.773 -0.0109205 0.0371176 0.999251 -1.71243
0.480698 0.87635 -0.0306726 -46.063 -0.876755 0.479725 -0.0341326 -303.557 -0.0151976 0.0432998 0.998947 -1.72828
0.487336 0.872252 -0.0409829 -45.1054 -0.873202 0.486539 -0.0282547 -305.304 -0.00470541 0.0495558 0.99876 -1.70157
0.490321 0.870334 -0.0458663 -44.1359 -0.871542 0.489654 -0.0255685 -307.05 0.00020545 0.0525112 0.99862 -1.68
0.494756 0.867965 -0.0430579 -43.1305 -0.869026 0.493963 -0.0281776 -308.808 -0.00318813 0.0513595 0.998675 -1.65532
0.500911 0.864371 -0.0441673 -42.1242 -0.86545 0.49969 -0.0361412 -310.564 -0.00916945 0.0563281 0.99837 -1.64599
0.506051 0.861216 -0.0471016 -41.1212 -0.862481 0.504884 -0.0349194 -312.284 -0.00629235 0.0582952 0.99828 -1.62189
0.507767 0.859974 -0.0511693 -40.1128 -0.861492 0.506729 -0.0325131 -313.991 -0.00203142 0.060591 0.998161 -1.59821
0.507063 0.860409 -0.0508208 -39.1079 -0.861892 0.505798 -0.036213 -315.705 -0.00545293 0.0621643 0.998051 -1.57999
0.504055 0.862557 -0.0438494 -38.08 -0.863606 0.502742 -0.0378876 -317.396 -0.0106353 0.0569661 0.998319 -1.55194
0.497764 0.86637 -0.0404249 -37.0902 -0.867234 0.49655 -0.0366562 -319.108 -0.0116848 0.053304 0.99851 -1.54579
0.493473 0.868553 -0.0458226 -36.1231 -0.869709 0.492181 -0.0369401 -320.795 -0.00953138 0.0580813 0.998266 -1.55582
0.497858 0.865701 -0.0519587 -35.1545 -0.867226 0.496432 -0.0383902 -322.508 -0.00744041 0.0641729 0.997911 -1.54223
0.50814 0.859886 -0.0488802 -34.1717 -0.861202 0.506545 -0.0417529 -324.205 -0.0111427 0.0633121 0.997932 -1.53409
0.51251 0.857237 -0.0497783 -33.1849 -0.858604 0.510822 -0.0431406 -325.877 -0.0115539 0.0648498 0.997828 -1.52009
0.511238 0.857892 -0.0515554 -32.1937 -0.8594 0.509719 -0.0402239 -327.515 -0.00822895 0.0648707 0.99786 -1.51812
0.50313 0.862565 -0.0533127 -31.2097 -0.864186 0.501687 -0.0386439 -329.174 -0.00658656 0.065515 0.99783 -1.50598
0.493819 0.86837 -0.045569 -30.2202 -0.869526 0.492625 -0.0352844 -330.859 -0.0081915 0.0570476 0.998338 -1.4909
0.482548 0.875206 -0.0340764 -29.2576 -0.875692 0.481301 -0.0389019 -332.527 -0.0176462 0.0486125 0.998662 -1.49785
0.471184 0.881362 -0.0344565 -28.3117 -0.881964 0.470289 -0.0311066 -334.226 -0.0112116 0.0450463 0.998922 -1.50023
0.461807 0.886175 -0.0377872 -27.4233 -0.886901 0.460777 -0.0330143 -335.933 -0.011845 0.0487598 0.99874 -1.50002
0.454563 0.8899 -0.0380887 -26.5271 -0.890617 0.453465 -0.0342115 -337.682 -0.0131729 0.0494738 0.998689 -1.49547
0.448725 0.893126 -0.0311729 -25.6244 -0.893553 0.447829 -0.0318292 -339.408 -0.0144673 0.0421372 0.999007 -1.49414
0.442751 0.896193 -0.0284467 -24.7303 -0.89651 0.441913 -0.0313294 -341.163 -0.0155062 0.0393739 0.999104 -1.50283
0.437119 0.899111 -0.0229231 -23.848 -0.899235 0.436401 -0.0305105 -342.927 -0.0174287 0.03395 0.999272 -1.51052
0.432773 0.901148 -0.025285 -22.9893 -0.901329 0.43197 -0.031741 -344.702 -0.017681 0.0365267 0.999176 -1.5268
0.428847 0.903059 -0.0239841 -22.125 -0.903214 0.428114 -0.0303909 -346.481 -0.0171769 0.0346958 0.99925 -1.52151
0.425058 0.904884 -0.02261 -21.2713 -0.904975 0.424322 -0.0311744 -348.265 -0.0186153 0.0337124 0.999258 -1.53797
0.421601 0.906477 -0.0235037 -20.4293 -0.906604 0.420864 -0.0307069 -350.059 -0.0179432 0.0342546 0.999252 -1.54566
0.418971 0.907744 -0.0215638 -19.5945 -0.907723 0.418138 -0.0346375 -351.871 -0.0224253 0.0340861 0.999167 -1.57226
0.416189 0.908973 -0.0235344 -18.7552 -0.908796 0.414986 -0.043321 -353.689 -0.0296112 0.0394177 0.998784 -1.58931
0.413924 0.90977 -0.0313862 -17.9332 -0.909954 0.412549 -0.0422685 -355.483 -0.0255063 0.0460559 0.998613 -1.60947
0.41059 0.911083 -0.0366465 -17.1139 -0.911626 0.409342 -0.0371064 -357.31 -0.0188061 0.0486434 0.998639 -1.62865
0.408872 0.911831 -0.0372621 -16.3045 -0.912284 0.407332 -0.0426586 -359.117 -0.0237194 0.0514355 0.998395 -1.64229
0.404671 0.913556 -0.0407024 -15.5005 -0.91403 0.402711 -0.0487033 -360.948 -0.0281019 0.0569121 0.997984 -1.66002
0.400215 0.91538 -0.0436767 -14.6922 -0.91599 0.398111 -0.0496888 -362.79 -0.028096 0.0598937 0.997809 -1.68273
0.397929 0.916191 -0.047392 -13.9036 -0.917009 0.395683 -0.050285 -364.617 -0.0273184 0.0634687 0.99761 -1.71066
0.399088 0.915576 -0.0494878 -13.1149 -0.916415 0.396513 -0.0544132 -366.442 -0.0301969 0.067067 0.997291 -1.73868
0.402028 0.914178 -0.0515078 -12.3164 -0.915197 0.399479 -0.0532032 -368.26 -0.0280609 0.068529 0.997254 -1.76421
0.407348 0.911737 -0.0529344 -11.5115 -0.912822 0.404641 -0.05497 -370.084 -0.0286987 0.0707116 0.997084 -1.7903
0.413135 0.90877 -0.0587857 -10.6911 -0.910189 0.409957 -0.0590894 -371.901 -0.0295991 0.077918 0.99652 -1.83247
0.418597 0.90581 -0.0654546 -9.89215 -0.907672 0.414887 -0.0632507 -373.681 -0.0301369 0.0858878 0.995849 -1.85537
0.423297 0.903003 -0.0735141 -9.10462 -0.905433 0.418793 -0.0693152 -375.424 -0.0318047 0.095903 0.994882 -1.87931
0.426469 0.901167 -0.0776036 -8.32408 -0.903854 0.421345 -0.0742671 -377.121 -0.0342291 0.101815 0.994214 -1.90899
0.426366 0.901139 -0.0784929 -7.54827 -0.903812 0.420905 -0.0772178 -378.756 -0.0365459 0.103866 0.99392 -1.94883
0.425863 0.901623 -0.0756101 -6.78048 -0.904026 0.42059 -0.076422 -380.399 -0.037103 0.100899 0.994205 -1.99109
0.42286 0.903699 -0.0672111 -6.02081 -0.905013 0.417357 -0.0822531 -382 -0.0462811 0.0956084 0.994343 -2.0243
0.415009 0.908205 -0.0541452 -5.28059 -0.907805 0.409402 -0.0909919 -383.567 -0.0604721 0.0869158 0.994379 -2.07777
0.401959 0.914641 -0.043145 -4.57646 -0.913235 0.397025 -0.0915018 -385.084 -0.0665616 0.0761815 0.99487 -2.13652
0.388919 0.920368 -0.0407948 -3.9227 -0.918887 0.384347 -0.0890154 -386.58 -0.0662476 0.0721056 0.995194 -2.20666
0.374041 0.926524 -0.0405876 -3.30111 -0.925268 0.369844 -0.0842278 -388.038 -0.0630279 0.069059 0.99562 -2.27766
0.354872 0.934195 -0.036676 -2.74248 -0.932647 0.351008 -0.0834435 -389.477 -0.065079 0.0638175 0.995837 -2.36169
0.336479 0.940946 -0.0374617 -2.23455 -0.939231 0.332461 -0.0855241 -390.862 -0.068019 0.0639622 0.995632 -2.44123
0.317379 0.947522 -0.0383764 -1.77145 -0.94563 0.313193 -0.0877172 -392.223 -0.0710947 0.0641295 0.995406 -2.51444
0.300064 0.953106 -0.0393879 -1.34338 -0.951495 0.296105 -0.0835357 -393.529 -0.0679554 0.0625435 0.995726 -2.57079
0.285105 0.957903 -0.0337305 -0.932876 -0.956515 0.282078 -0.0742326 -394.858 -0.061593 0.0534278 0.99667 -2.64248
0.273148 0.961448 -0.0317543 -0.531552 -0.959245 0.269742 -0.084193 -396.203 -0.0723817 0.0534573 0.995943 -2.70726
0.264091 0.964017 -0.0304601 -0.157158 -0.961266 0.260491 -0.0900616 -397.536 -0.0788863 0.0530647 0.99547 -2.79887
0.257094 0.965859 -0.0319245 0.183642 -0.963049 0.253323 -0.0914562 -398.823 -0.0802466 0.0542576 0.995297 -2.88383
0.249791 0.967507 -0.0391753 0.501152 -0.965169 0.245528 -0.0903545 -400.087 -0.0778 0.0603805 0.995139 -2.96646
0.24342 0.96875 -0.047651 0.804952 -0.96692 0.238512 -0.0904331 -401.352 -0.0762417 0.0680879 0.994762 -3.03991
0.236754 0.970343 -0.0488167 1.11379 -0.967427 0.230812 -0.103973 -402.639 -0.0896216 0.0718425 0.993381 -3.12269
0.226241 0.973457 -0.0345918 1.44337 -0.967211 0.220298 -0.12638 -403.963 -0.115405 0.0620498 0.991379 -3.22936
0.212989 0.976399 -0.0357733 1.74791 -0.969403 0.206606 -0.13256 -405.293 -0.12204 0.0629125 0.990529 -3.3721
0.197651 0.979578 -0.0369011 2.04064 -0.97262 0.191275 -0.132001 -406.648 -0.122247 0.061981 0.990562 -3.50815
0.184299 0.982014 -0.0410127 2.30023 -0.97353 0.176649 -0.145034 -408.073 -0.13518 0.0666565 0.988576 -3.68878
0.173457 0.983444 -0.0524479 2.53488 -0.974778 0.163847 -0.151534 -409.509 -0.140431 0.0774097 0.98706 -3.86713
0.161399 0.985334 -0.0553791 2.7814 -0.977261 0.151753 -0.148098 -410.972 -0.137522 0.0780226 0.987421 -4.04125
0.140948 0.988749 -0.0500928 3.01416 -0.980134 0.132231 -0.147827 -412.476 -0.13954 0.0699336 0.987744 -4.23368
0.118877 0.991414 -0.0544746 3.21897 -0.982561 0.10956 -0.150233 -414.029 -0.142974 0.0713838 0.987149 -4.43619
0.0965674 0.993691 -0.0570386 3.38514 -0.984567 0.0869631 -0.151873 -415.636 -0.145955 0.0708243 0.986753 -4.65245
0.0719633 0.995528 -0.0611919 3.50584 -0.987477 0.0624769 -0.144865 -417.239 -0.140394 0.0708506 0.987557 -4.85215
0.0479278 0.997113 -0.0589009 3.61044 -0.990935 0.0400561 -0.128232 -418.846 -0.125502 0.0645128 0.989994 -5.05001
0.0271638 0.997814 -0.0602439 3.65892 -0.992068 0.01951 -0.124178 -420.471 -0.122731 0.0631392 0.990429 -5.22886
0.0109609 0.997492 -0.0699283 3.67574 -0.99277 0.00249598 -0.120008 -422.081 -0.119532 0.0707381 0.990307 -5.4
-0.00331751 0.99628 -0.0861122 3.65437 -0.993639 -0.012977 -0.111858 -423.675 -0.112559 0.0851934 0.989986 -5.55267
-0.0152235 0.995499 -0.0935377 3.61407 -0.993128 -0.0259109 -0.11413 -425.228 -0.11604 0.0911574 0.989053 -5.70131
-0.0263003 0.995106 -0.0952493 3.57053 -0.990649 -0.0387053 -0.13083 -426.817 -0.133877 0.0909177 0.986819 -5.86341
-0.0391084 0.994814 -0.0938911 3.51847 -0.989019 -0.051939 -0.13836 -428.372 -0.142519 0.087449 0.985921 -6.05604
-0.0541411 0.995663 -0.0756599 3.47295 -0.988855 -0.0639862 -0.13443 -429.89 -0.138688 0.0675385 0.98803 -6.22469
-0.0699829 0.995549 -0.0631243 3.40438 -0.991083 -0.0765827 -0.109038 -431.345 -0.113386 0.0549306 0.992031 -6.40084
-0.0812706 0.995548 -0.047747 3.3225 -0.98926 -0.0864113 -0.117891 -432.82 -0.121492 0.0376531 0.991878 -6.53149
-0.0903877 0.995346 -0.0334199 3.23396 -0.988137 -0.0938156 -0.121593 -434.246 -0.124162 0.022033 0.992017 -6.70391
-0.101066 0.994558 -0.0252894 3.12687 -0.9914 -0.102804 -0.0809813 -435.559 -0.0831405 0.0168874 0.996395 -6.83253
-0.11008 0.993734 -0.0193801 3.00421 -0.991267 -0.11119 -0.0708962 -436.878 -0.0726069 0.0114065 0.997295 -6.90543
-0.120737 0.992638 -0.00966455 2.87614 -0.988829 -0.121119 -0.0868799 -438.202 -0.0874108 -0.000933006 0.996172 -6.99433
-0.134706 0.990688 -0.0197839 2.70271 -0.988339 -0.135764 -0.0689565 -439.465 -0.0710003 0.0102643 0.997423 -7.08382
-0.149545 0.988589 -0.0181215 2.51406 -0.986813 -0.150374 -0.059892 -440.73 -0.0619335 0.00892604 0.99804 -7.13446
-0.16309 0.986306 -0.0245292 2.30131 -0.984627 -0.164288 -0.0593193 -441.986 -0.0625368 0.0144777 0.997938 -7.19928
-0.174232 0.984277 -0.0290053 2.08186 -0.983274 -0.17549 -0.0487284 -443.223 -0.0530524 0.0200302 0.998391 -7.25823
-0.186449 0.982203 -0.0226724 1.87489 -0.981288 -0.187305 -0.0446217 -444.443 -0.0480742 0.0139285 0.998747 -7.31648
-0.200929 0.979363 -0.0218234 1.65068 -0.978502 -0.20171 -0.0429746 -445.611 -0.0464897 0.0127195 0.998838 -7.34914
-0.215143 0.976219 -0.0266267 1.38577 -0.97562 -0.216062 -0.0385169 -446.786 -0.0433539 0.0176909 0.998903 -7.38355
-0.229108 0.97299 -0.0282775 1.13305 -0.972509 -0.230044 -0.0361234 -447.88 -0.0416528 0.019224 0.998947 -7.40673
-0.244039 0.969335 -0.028894 0.864114 -0.968879 -0.244982 -0.0354722 -448.947 -0.041463 0.0193381 0.998953 -7.43047
-0.267318 0.963261 -0.0258661 0.616439 -0.9625 -0.268201 -0.0407556 -449.982 -0.0461956 0.0140014 0.998834 -7.45917
-0.306403 0.951612 -0.0235042 0.336944 -0.950991 -0.307096 -0.0361566 -450.89 -0.0416251 0.0112738 0.99907 -7.49681
-0.355206 0.934519 -0.0224235 -0.00403762 -0.934407 -0.355644 -0.0200072 -451.682 -0.0266719 0.013846 0.999548 -7.50896
-0.420117 0.907355 -0.0144413 -0.31445 -0.907366 -0.420257 -0.00846971 -452.41 -0.0137541 0.0095453 0.99986 -7.52009
-0.496997 0.867514 -0.0203181 -0.692347 -0.867622 -0.497192 -0.00568609 -452.991 -0.0150348 0.0148024 0.999777 -7.53969
-0.580273 0.813539 -0.0379078 -1.09077 -0.813958 -0.580884 -0.00670907 -453.457 -0.0274782 0.0269623 0.999259 -7.52931
-0.66212 0.748814 -0.0295765 -1.43365 -0.7487 -0.662691 -0.0169882 -453.845 -0.0323211 0.0108957 0.999418 -7.51961
-0.742684 0.668791 -0.0337481 -1.81546 -0.668911 -0.743285 -0.00926335 -454.106 -0.0312797 0.0156947 0.999387 -7.55181
-0.812321 0.581836 -0.0400286 -2.23341 -0.582457 -0.812846 0.00497061 -454.306 -0.029645 0.0273527 0.999186 -7.55693
-0.870687 0.488989 -0.0528549 -2.68311 -0.48968 -0.871902 0.000139063 -454.49 -0.0460163 0.0260031 0.998602 -7.55234
-0.91882 0.391465 -0.050248 -3.08969 -0.391733 -0.920066 -0.00481498 -454.639 -0.0481164 0.0152597 0.998725 -7.57294
-0.956038 0.289124 -0.048981 -3.53378 -0.28942 -0.957202 -0.00109287 -454.726 -0.0472006 0.0131313 0.998799 -7.61547
-0.981463 0.182864 -0.0573702 -4.00928 -0.183114 -0.983091 -0.000910097 -454.753 -0.0565666 0.00961205 0.998353 -7.60964
-0.995427 0.0741832 -0.0601832 -4.47319 -0.0740992 -0.997244 -0.00363001 -454.75 -0.0602866 0.00084612 0.998181 -7.64155
-0.997456 -0.0392387 -0.0595218 -4.94635 0.0394294 -0.99922 -0.00203248 -454.677 -0.0593956 -0.00437421 0.998225 -7.65337
-0.985798 -0.156421 -0.061116 -5.444 0.157121 -0.987556 -0.00679393 -454.598 -0.0592928 -0.0163001 0.998108 -7.68073
-0.961242 -0.269025 -0.0603315 -6.02366 0.269769 -0.962915 -0.00439844 -454.378 -0.0569108 -0.0205035 0.998169 -7.71925
-0.924125 -0.377718 -0.0576375 -6.62355 0.378404 -0.92564 -0.00107048 -454.079 -0.0529472 -0.0227995 0.998337 -7.7471
-0.877431 -0.475896 -0.0603219 -7.29758 0.476969 -0.878911 -0.00393892 -453.695 -0.0511431 -0.0322278 0.998171 -7.7906
-0.825388 -0.561386 -0.0598407 -8.0446 0.562542 -0.826763 -0.00305238 -453.172 -0.0477605 -0.0361824 0.998203 -7.83794
-0.780742 -0.62236 -0.0557616 -8.85228 0.623341 -0.78195 -0.000245998 -452.544 -0.0434497 -0.0349505 0.998444 -7.88304
-0.750935 -0.658021 -0.0557307 -9.72333 0.659029 -0.752117 0.000363752 -451.802 -0.0421554 -0.036455 0.998446 -7.93411
-0.735177 -0.675533 -0.0563024 -10.653 0.676615 -0.736337 -0.000202055 -450.966 -0.0413211 -0.0382436 0.998414 -7.99075
-0.725904 -0.685355 -0.0578984 -11.6576 0.686603 -0.727029 -0.00233064 -450.034 -0.0404965 -0.041445 0.99832 -8.05371
-0.71802 -0.693527 -0.0588826 -12.7074 0.694845 -0.719154 -0.00270938 -449.022 -0.0404667 -0.0428597 0.998261 -8.10973
-0.708553 -0.703147 -0.0594811 -13.8307 0.704523 -0.709674 -0.00314124 -447.935 -0.0400034 -0.0441315 0.998224 -8.17598
