0.9777 0.1784 -0.1106 -0.0305 -0.1808 0.9834 -0.0119 -0.0110 0.1067 0.0317 0.9938 0.0014
0.9597 0.2585 -0.1105 1.0264 -0.2613 0.9652 -0.0108 -0.2428 0.1039 0.0392 0.9938 0.1203
0.9461 0.3041 -0.1111 1.5964 -0.3048 0.9524 0.0115 -0.4565 0.1093 0.0230 0.9937 0.1772
0.9278 0.3573 -0.1071 2.1111 -0.3577 0.9337 0.0169 -0.6317 0.1061 0.0227 0.9941 0.1962
0.9023 0.4173 -0.1080 2.6236 -0.4183 0.9082 0.0145 -0.9030 0.1042 0.0321 0.9940 0.2743
0.8689 0.4834 -0.1061 3.1630 -0.4851 0.8744 0.0113 -1.2527 0.0982 0.0416 0.9943 0.3516
0.8251 0.5565 -0.0976 3.7255 -0.5584 0.8295 0.0093 -1.6223 0.0862 0.0469 0.9952 0.3901
0.7720 0.6303 -0.0825 4.2481 -0.6331 0.7740 -0.0101 -2.0842 0.0575 0.0600 0.9965 0.4447
0.7081 0.7018 -0.0783 4.7351 -0.7049 0.7089 -0.0213 -2.6304 0.0406 0.0703 0.9967 0.5022
0.6354 0.7683 -0.0773 5.1740 -0.7718 0.6352 -0.0302 -3.2561 0.0259 0.0789 0.9965 0.5187
0.5531 0.8293 -0.0803 5.5646 -0.8331 0.5516 -0.0416 -3.9461 0.0098 0.0899 0.9959 0.5550
0.4656 0.8813 -0.0807 5.9542 -0.8850 0.4636 -0.0431 -4.7106 -0.0006 0.0915 0.9958 0.5734
0.3785 0.9222 -0.0789 6.3192 -0.9255 0.3759 -0.0467 -5.5929 -0.0135 0.0907 0.9958 0.5636
0.2966 0.9517 -0.0797 6.5873 -0.9547 0.2934 -0.0494 -6.5154 -0.0236 0.0908 0.9956 0.5623
0.2172 0.9726 -0.0830 6.7841 -0.9757 0.2139 -0.0467 -7.4953 -0.0277 0.0911 0.9955 0.5470
0.1443 0.9859 -0.0846 6.9395 -0.9890 0.1410 -0.0437 -8.5616 -0.0312 0.0899 0.9955 0.5162
0.0836 0.9927 -0.0868 7.0172 -0.9958 0.0800 -0.0441 -9.6974 -0.0369 0.0901 0.9952 0.4822
0.0389 0.9951 -0.0908 7.0713 -0.9983 0.0347 -0.0471 -10.9289 -0.0437 0.0925 0.9948 0.4489
0.0094 0.9956 -0.0934 7.0810 -0.9987 0.0047 -0.0505 -12.2331 -0.0498 0.0937 0.9944 0.4028
-0.0097 0.9955 -0.0944 7.0786 -0.9985 -0.0148 -0.0533 -13.5561 -0.0545 0.0937 0.9941 0.3426
-0.0253 0.9953 -0.0935 7.0371 -0.9980 -0.0307 -0.0561 -14.9324 -0.0587 0.0919 0.9940 0.2744
-0.0429 0.9947 -0.0935 6.9828 -0.9968 -0.0489 -0.0630 -16.3335 -0.0672 0.0905 0.9936 0.2079
-0.0637 0.9935 -0.0947 6.8912 -0.9953 -0.0702 -0.0663 -17.7150 -0.0725 0.0900 0.9933 0.1307
-0.0924 0.9914 -0.0927 6.7864 -0.9929 -0.0987 -0.0657 -19.1341 -0.0743 0.0859 0.9935 0.0530
-0.1311 0.9869 -0.0937 6.6016 -0.9885 -0.1373 -0.0638 -20.5763 -0.0758 0.0843 0.9936 -0.0453
-0.1682 0.9811 -0.0956 6.3468 -0.9826 -0.1746 -0.0627 -22.0080 -0.0782 0.0834 0.9934 -0.1300
-0.2107 0.9730 -0.0943 6.0557 -0.9742 -0.2170 -0.0625 -23.4555 -0.0813 0.0787 0.9936 -0.2313
-0.2566 0.9619 -0.0943 5.7115 -0.9629 -0.2628 -0.0607 -24.8837 -0.0832 0.0752 0.9937 -0.3341
-0.3032 0.9487 -0.0896 5.2673 -0.9494 -0.3088 -0.0578 -26.3217 -0.0826 0.0675 0.9943 -0.4418
-0.3552 0.9304 -0.0910 4.7595 -0.9315 -0.3604 -0.0485 -27.7206 -0.0779 0.0676 0.9947 -0.5539
-0.4075 0.9081 -0.0964 4.1356 -0.9104 -0.4122 -0.0347 -29.0802 -0.0713 0.0736 0.9947 -0.6601
-0.4574 0.8837 -0.0994 3.4463 -0.8869 -0.4615 -0.0214 -30.4385 -0.0648 0.0783 0.9948 -0.7599
-0.5073 0.8569 -0.0914 2.6640 -0.8606 -0.5094 0.0012 -31.7471 -0.0455 0.0792 0.9958 -0.8439
-0.5543 0.8287 -0.0775 1.8187 -0.8320 -0.5542 0.0248 -33.0525 -0.0223 0.0782 0.9967 -0.9044
-0.6000 0.7974 -0.0641 0.8567 -0.8000 -0.5985 0.0432 -34.3665 -0.0040 0.0772 0.9970 -0.9187
-0.6394 0.7661 -0.0659 -0.2374 -0.7689 -0.6380 0.0428 -35.7048 -0.0092 0.0781 0.9969 -0.9196
-0.6693 0.7391 -0.0761 -1.4237 -0.7428 -0.6680 0.0454 -36.9969 -0.0173 0.0869 0.9961 -0.9297
-0.6916 0.7180 -0.0788 -2.6357 -0.7220 -0.6902 0.0480 -38.2840 -0.0199 0.0901 0.9957 -0.9587
-0.7169 0.6928 -0.0779 -5.2573 -0.6968 -0.7158 0.0463 -40.9236 -0.0237 0.0875 0.9959 -1.0050
-0.7215 0.6881 -0.0773 -6.6616 -0.6919 -0.7208 0.0418 -42.3011 -0.0270 0.0837 0.9961 -1.0351
-0.7240 0.6856 -0.0756 -8.0475 -0.6892 -0.7235 0.0388 -43.6649 -0.0280 0.0802 0.9964 -1.0739
-0.7256 0.6841 -0.0743 -9.4869 -0.6876 -0.7251 0.0381 -45.0296 -0.0278 0.0788 0.9965 -1.1234
-0.7254 0.6844 -0.0735 -10.9331 -0.6877 -0.7251 0.0355 -46.4272 -0.0290 0.0762 0.9967 -1.1552
-0.7246 0.6852 -0.0737 -12.3860 -0.6885 -0.7244 0.0349 -47.8275 -0.0295 0.0760 0.9967 -1.2048
-0.7226 0.6875 -0.0725 -13.8789 -0.6907 -0.7223 0.0344 -49.2578 -0.0287 0.0750 0.9968 -1.2429
-0.7213 0.6889 -0.0724 -15.3526 -0.6921 -0.7211 0.0339 -50.6915 -0.0289 0.0746 0.9968 -1.2791
-0.7207 0.6897 -0.0699 -16.8390 -0.6927 -0.7204 0.0343 -52.1347 -0.0267 0.0731 0.9970 -1.3271
-0.7200 0.6906 -0.0688 -18.3662 -0.6935 -0.7197 0.0327 -53.6127 -0.0269 0.0713 0.9971 -1.3683
-0.7199 0.6906 -0.0699 -19.9210 -0.6935 -0.7198 0.0306 -55.1356 -0.0292 0.0705 0.9971 -1.4025
-0.7198 0.6907 -0.0704 -21.5084 -0.6937 -0.7196 0.0322 -56.6414 -0.0284 0.0720 0.9970 -1.4426
-0.7196 0.6908 -0.0699 -23.0710 -0.6939 -0.7193 0.0345 -58.1401 -0.0265 0.0734 0.9970 -1.4798
-0.7196 0.6907 -0.0709 -24.6478 -0.6938 -0.7193 0.0341 -59.6559 -0.0275 0.0737 0.9969 -1.5291
-0.7196 0.6907 -0.0709 -26.2555 -0.6937 -0.7196 0.0311 -61.2003 -0.0295 0.0716 0.9970 -1.5545
-0.7223 0.6881 -0.0693 -27.7944 -0.6910 -0.7221 0.0321 -62.7062 -0.0280 0.0711 0.9971 -1.5940
-0.7241 0.6864 -0.0676 -29.3466 -0.6892 -0.7239 0.0313 -64.1958 -0.0275 0.0692 0.9972 -1.6269
-0.7240 0.6859 -0.0733 -30.9474 -0.6888 -0.7246 0.0229 -65.7040 -0.0374 0.0671 0.9970 -1.6516
-0.7236 0.6859 -0.0768 -32.5142 -0.6889 -0.7246 0.0189 -67.1855 -0.0427 0.0666 0.9969 -1.7021
-0.7237 0.6861 -0.0744 -34.0616 -0.6891 -0.7242 0.0260 -68.6508 -0.0361 0.0700 0.9969 -1.7571
-0.7223 0.6875 -0.0754 -35.6100 -0.6905 -0.7229 0.0235 -70.1431 -0.0383 0.0690 0.9969 -1.8207
-0.7193 0.6904 -0.0775 -37.1777 -0.6930 -0.7209 0.0097 -71.6595 -0.0492 0.0607 0.9969 -1.8754
-0.7150 0.6949 -0.0771 -38.7097 -0.6971 -0.7170 0.0030 -73.1773 -0.0532 0.0559 0.9970 -1.9627
-0.7063 0.7037 -0.0777 -40.2166 -0.7063 -0.7079 0.0091 -74.6707 -0.0486 0.0613 0.9969 -2.0363
-0.6901 0.7190 -0.0822 -41.7213 -0.7222 -0.6915 0.0147 -76.1927 -0.0462 0.0695 0.9965 -2.0969
-0.6717 0.7363 -0.0813 -43.1609 -0.7394 -0.6732 0.0118 -77.7683 -0.0461 0.0680 0.9966 -2.1725
-0.6521 0.7537 -0.0822 -44.5912 -0.7567 -0.6537 0.0089 -79.3899 -0.0470 0.0681 0.9966 -2.2487
-0.6298 0.7724 -0.0825 -45.9482 -0.7756 -0.6311 0.0123 -81.0307 -0.0425 0.0717 0.9965 -2.3145
-0.6099 0.7891 -0.0728 -47.2621 -0.7921 -0.6100 0.0248 -82.7556 -0.0248 0.0728 0.9970 -2.3637
-0.5878 0.8056 -0.0735 -48.5538 -0.8086 -0.5880 0.0216 -84.5041 -0.0258 0.0722 0.9971 -2.3971
-0.5714 0.8180 -0.0663 -49.7866 -0.8205 -0.5711 0.0262 -86.2651 -0.0164 0.0694 0.9975 -2.4237
-0.5605 0.8262 -0.0566 -50.9991 -0.8281 -0.5600 0.0256 -88.0697 -0.0105 0.0612 0.9981 -2.4334
-0.5528 0.8315 -0.0552 -52.1984 -0.8332 -0.5527 0.0175 -89.8696 -0.0159 0.0557 0.9983 -2.4452
-0.5498 0.8330 -0.0609 -53.3822 -0.8350 -0.5500 0.0150 -91.7467 -0.0210 0.0591 0.9980 -2.4901
-0.5445 0.8371 -0.0523 -54.5401 -0.8387 -0.5443 0.0202 -93.5437 -0.0115 0.0549 0.9984 -2.4946
-0.5340 0.8438 -0.0530 -55.7262 -0.8454 -0.5338 0.0186 -95.4068 -0.0126 0.0548 0.9984 -2.4893
-0.5227 0.8505 -0.0590 -56.8774 -0.8524 -0.5224 0.0209 -97.2551 -0.0130 0.0612 0.9980 -2.5159
-0.5111 0.8580 -0.0512 -57.9816 -0.8595 -0.5107 0.0225 -99.1091 -0.0069 0.0555 0.9984 -2.4687
-0.4953 0.8667 -0.0589 -59.0915 -0.8687 -0.4947 0.0254 -101.0360 -0.0071 0.0638 0.9979 -2.4766
-0.4780 0.8765 -0.0576 -60.1459 -0.8783 -0.4776 0.0217 -102.9670 -0.0085 0.0610 0.9981 -2.4665
-0.4623 0.8848 -0.0577 -61.1596 -0.8867 -0.4619 0.0218 -104.8940 -0.0074 0.0613 0.9981 -2.4595
-0.4477 0.8914 -0.0701 -62.1710 -0.8941 -0.4471 0.0250 -106.8400 -0.0090 0.0739 0.9972 -2.4582
-0.4355 0.8973 -0.0720 -63.1187 -0.9002 -0.4348 0.0255 -108.7850 -0.0085 0.0759 0.9971 -2.4546
-0.4257 0.9020 -0.0716 -64.0187 -0.9048 -0.4251 0.0233 -110.7320 -0.0094 0.0748 0.9972 -2.4614
-0.4177 0.9060 -0.0685 -64.8930 -0.9084 -0.4179 0.0123 -112.6280 -0.0175 0.0673 0.9976 -2.4530
-0.4140 0.9079 -0.0657 -65.7472 -0.9102 -0.4138 0.0166 -114.5080 -0.0121 0.0666 0.9977 -2.4344
-0.4121 0.9090 -0.0617 -66.5780 -0.9111 -0.4118 0.0188 -116.3560 -0.0083 0.0640 0.9979 -2.4335
-0.4107 0.9100 -0.0565 -67.3973 -0.9117 -0.4104 0.0171 -118.2220 -0.0076 0.0586 0.9983 -2.4155
-0.4116 0.9096 -0.0565 -68.2022 -0.9114 -0.4111 0.0200 -120.0400 -0.0050 0.0598 0.9982 -2.4176
-0.4108 0.9100 -0.0557 -69.0209 -0.9117 -0.4099 0.0261 -121.8660 0.0009 0.0615 0.9981 -2.3994
-0.4024 0.9134 -0.0622 -69.8331 -0.9155 -0.4018 0.0220 -123.6950 -0.0049 0.0658 0.9978 -2.3788
-0.3877 0.9188 -0.0745 -70.5964 -0.9218 -0.3868 0.0276 -125.4400 -0.0035 0.0794 0.9968 -2.3749
-0.3705 0.9258 -0.0756 -71.3170 -0.9288 -0.3692 0.0312 -127.2500 0.0009 0.0818 0.9967 -2.3569
-0.3511 0.9330 -0.0794 -71.9793 -0.9363 -0.3496 0.0324 -128.9690 0.0025 0.0857 0.9963 -2.3428
-0.3297 0.9399 -0.0884 -72.6534 -0.9441 -0.3278 0.0360 -130.8230 0.0049 0.0954 0.9954 -2.3075
-0.3106 0.9456 -0.0973 -73.2205 -0.9503 -0.3063 0.0561 -132.4980 0.0232 0.1099 0.9937 -2.2611
-0.2932 0.9536 -0.0689 -73.7778 -0.9555 -0.2899 0.0543 -134.4040 0.0319 0.0817 0.9961 -2.1883
-0.2797 0.9576 -0.0694 -74.2989 -0.9595 -0.2762 0.0560 -136.2090 0.0344 0.0823 0.9960 -2.1070
-0.2736 0.9605 -0.0515 -74.7990 -0.9611 -0.2708 0.0546 -138.0290 0.0385 0.0644 0.9972 -2.0461
-0.2725 0.9599 -0.0653 -75.3158 -0.9616 -0.2693 0.0537 -139.8360 0.0340 0.0774 0.9964 -1.9409
-0.2697 0.9605 -0.0686 -75.8337 -0.9624 -0.2664 0.0530 -141.6580 0.0326 0.0803 0.9962 -1.8539
-0.2582 0.9634 -0.0719 -76.3367 -0.9656 -0.2548 0.0525 -143.5340 0.0323 0.0830 0.9960 -1.7713
-0.2423 0.9675 -0.0726 -76.8059 -0.9697 -0.2391 0.0507 -145.4110 0.0317 0.0827 0.9961 -1.6829
-0.2247 0.9719 -0.0697 -77.2081 -0.9738 -0.2215 0.0516 -147.1980 0.0348 0.0795 0.9962 -1.6103
-0.2054 0.9757 -0.0763 -77.6211 -0.9781 -0.2019 0.0503 -149.0500 0.0337 0.0850 0.9958 -1.5324
-0.1808 0.9794 -0.0898 -77.9861 -0.9830 -0.1769 0.0493 -150.8480 0.0324 0.0972 0.9947 -1.4502
-0.1549 0.9840 -0.0883 -78.2801 -0.9874 -0.1511 0.0476 -152.6430 0.0335 0.0946 0.9950 -1.3494
-0.1292 0.9877 -0.0879 -78.5205 -0.9912 -0.1261 0.0396 -154.4680 0.0281 0.0922 0.9953 -1.3052
-0.1037 0.9910 -0.0852 -78.7206 -0.9946 -0.1026 0.0183 -156.2600 0.0094 0.0866 0.9962 -1.2374
-0.0785 0.9934 -0.0839 -78.8600 -0.9969 -0.0776 0.0142 -158.0380 0.0076 0.0848 0.9964 -1.1827
-0.0554 0.9953 -0.0796 -78.9628 -0.9984 -0.0547 0.0111 -159.8310 0.0067 0.0801 0.9968 -1.1078
-0.0347 0.9968 -0.0718 -79.0067 -0.9990 -0.0326 0.0301 -161.5410 0.0277 0.0728 0.9970 -0.9990
-0.0116 0.9975 -0.0703 -79.0518 -0.9995 -0.0095 0.0304 -163.2970 0.0296 0.0706 0.9971 -1.0155
0.0133 0.9970 -0.0766 -79.0411 -0.9999 0.0136 0.0035 -165.0950 0.0045 0.0766 0.9971 -0.9559
0.0371 0.9962 -0.0786 -78.9890 -0.9993 0.0372 0.0005 -166.7610 0.0034 0.0786 0.9969 -0.8912
0.0583 0.9953 -0.0770 -78.8863 -0.9983 0.0583 -0.0023 -168.4190 0.0022 0.0770 0.9970 -0.8717
0.0810 0.9939 -0.0745 -78.7665 -0.9967 0.0808 -0.0064 -170.0580 -0.0003 0.0748 0.9972 -0.8549
0.1053 0.9916 -0.0747 -78.6173 -0.9944 0.1050 -0.0081 -171.6540 -0.0002 0.0752 0.9972 -0.8210
0.1310 0.9884 -0.0775 -78.4039 -0.9914 0.1311 -0.0043 -173.1800 0.0059 0.0774 0.9970 -0.7811
0.1536 0.9853 -0.0751 -78.1567 -0.9881 0.1537 -0.0053 -174.7070 0.0063 0.0750 0.9972 -0.7656
0.1704 0.9828 -0.0705 -77.8727 -0.9854 0.1701 -0.0109 -176.2250 0.0013 0.0713 0.9975 -0.7332
0.1760 0.9819 -0.0696 -77.6214 -0.9844 0.1753 -0.0156 -177.7090 -0.0031 0.0713 0.9975 -0.7177
0.1777 0.9813 -0.0738 -77.3808 -0.9841 0.1772 -0.0143 -179.1160 -0.0010 0.0751 0.9972 -0.6808
0.1745 0.9819 -0.0732 -77.1242 -0.9847 0.1741 -0.0126 -180.4830 0.0004 0.0743 0.9972 -0.6682
0.1664 0.9833 -0.0735 -76.8929 -0.9861 0.1657 -0.0151 -181.8560 -0.0027 0.0750 0.9972 -0.6517
0.1476 0.9864 -0.0718 -76.6637 -0.9890 0.1468 -0.0161 -183.2030 -0.0054 0.0734 0.9973 -0.6332
0.1230 0.9898 -0.0724 -76.4779 -0.9924 0.1220 -0.0176 -184.5920 -0.0085 0.0740 0.9972 -0.6295
0.1006 0.9922 -0.0731 -76.3242 -0.9949 0.0998 -0.0149 -185.9540 -0.0075 0.0742 0.9972 -0.6205
0.0848 0.9936 -0.0749 -76.2286 -0.9964 0.0844 -0.0083 -187.2880 -0.0019 0.0753 0.9972 -0.6179
0.0716 0.9945 -0.0762 -76.1199 -0.9974 0.0708 -0.0138 -188.6620 -0.0083 0.0770 0.9970 -0.6031
0.0649 0.9950 -0.0752 -76.0250 -0.9978 0.0640 -0.0148 -190.0020 -0.0099 0.0760 0.9971 -0.6004
0.0625 0.9951 -0.0769 -75.9502 -0.9980 0.0613 -0.0177 -191.3380 -0.0129 0.0778 0.9969 -0.6000
0.0628 0.9946 -0.0828 -75.8784 -0.9980 0.0617 -0.0150 -192.6780 -0.0098 0.0835 0.9965 -0.5943
0.0670 0.9944 -0.0815 -75.7948 -0.9977 0.0663 -0.0117 -193.9980 -0.0063 0.0821 0.9966 -0.5879
0.0769 0.9933 -0.0860 -75.7026 -0.9969 0.0753 -0.0218 -195.3200 -0.0152 0.0874 0.9961 -0.5897
0.0862 0.9929 -0.0824 -75.5991 -0.9960 0.0839 -0.0314 -196.6630 -0.0243 0.0847 0.9961 -0.5794
0.0956 0.9922 -0.0799 -75.4462 -0.9951 0.0932 -0.0334 -197.9460 -0.0257 0.0827 0.9962 -0.5996
0.1028 0.9914 -0.0804 -75.3112 -0.9943 0.1002 -0.0354 -199.2540 -0.0270 0.0836 0.9961 -0.6091
0.1144 0.9904 -0.0776 -75.1506 -0.9931 0.1120 -0.0351 -200.5780 -0.0260 0.0811 0.9964 -0.6293
0.1308 0.9885 -0.0757 -74.9775 -0.9911 0.1283 -0.0363 -201.9120 -0.0262 0.0798 0.9965 -0.6413
0.1452 0.9866 -0.0743 -74.7889 -0.9891 0.1429 -0.0359 -203.2740 -0.0248 0.0787 0.9966 -0.6601
0.1567 0.9853 -0.0678 -74.5513 -0.9873 0.1544 -0.0380 -204.6500 -0.0270 0.0729 0.9970 -0.6796
0.1646 0.9844 -0.0616 -74.3044 -0.9857 0.1620 -0.0454 -206.0540 -0.0348 0.0682 0.9971 -0.7242
0.1685 0.9841 -0.0561 -74.0469 -0.9850 0.1660 -0.0471 -207.4540 -0.0370 0.0632 0.9973 -0.7248
0.1688 0.9842 -0.0531 -73.7978 -0.9853 0.1670 -0.0371 -208.8400 -0.0277 0.0586 0.9979 -0.7512
0.1672 0.9848 -0.0471 -73.5424 -0.9855 0.1655 -0.0370 -210.2210 -0.0286 0.0526 0.9982 -0.7796
0.1653 0.9851 -0.0484 -73.2811 -0.9858 0.1637 -0.0363 -211.6300 -0.0279 0.0537 0.9982 -0.8065
0.1643 0.9849 -0.0537 -73.0506 -0.9861 0.1626 -0.0346 -213.0420 -0.0254 0.0586 0.9980 -0.8262
0.1626 0.9852 -0.0546 -72.8250 -0.9865 0.1612 -0.0283 -214.4600 -0.0191 0.0584 0.9981 -0.8371
0.1613 0.9851 -0.0589 -72.5894 -0.9867 0.1598 -0.0291 -215.9250 -0.0192 0.0628 0.9978 -0.8469
0.1616 0.9852 -0.0574 -72.3295 -0.9865 0.1598 -0.0346 -217.4350 -0.0249 0.0623 0.9977 -0.8774
0.1636 0.9847 -0.0601 -72.0704 -0.9865 0.1625 -0.0216 -218.9500 -0.0115 0.0629 0.9980 -0.8821
0.1671 0.9849 -0.0442 -71.7782 -0.9858 0.1662 -0.0236 -220.5240 -0.0159 0.0475 0.9987 -0.8925
0.1724 0.9840 -0.0448 -71.4911 -0.9844 0.1705 -0.0433 -222.1570 -0.0349 0.0516 0.9981 -0.9514
0.1769 0.9831 -0.0464 -71.2100 -0.9835 0.1747 -0.0474 -223.8140 -0.0385 0.0540 0.9978 -0.9723
0.1817 0.9821 -0.0497 -70.8972 -0.9830 0.1800 -0.0374 -225.4970 -0.0278 0.0556 0.9981 -1.0203
0.1838 0.9818 -0.0486 -70.5693 -0.9827 0.1823 -0.0337 -227.1650 -0.0243 0.0539 0.9982 -1.0422
0.1867 0.9813 -0.0467 -70.2234 -0.9821 0.1851 -0.0359 -228.9220 -0.0266 0.0526 0.9983 -1.0716
0.1917 0.9798 -0.0562 -69.8756 -0.9808 0.1892 -0.0476 -230.6970 -0.0360 0.0642 0.9973 -1.0991
0.1975 0.9784 -0.0616 -69.5350 -0.9789 0.1935 -0.0652 -232.5110 -0.0518 0.0731 0.9960 -1.1733
0.2026 0.9774 -0.0598 -69.1557 -0.9785 0.1996 -0.0518 -234.2640 -0.0387 0.0690 0.9969 -1.2224
0.2061 0.9770 -0.0548 -68.7539 -0.9781 0.2040 -0.0420 -236.0320 -0.0298 0.0623 0.9976 -1.2499
0.2129 0.9756 -0.0542 -68.3643 -0.9766 0.2107 -0.0433 -237.7950 -0.0309 0.0621 0.9976 -1.2853
0.2168 0.9749 -0.0513 -67.9691 -0.9756 0.2146 -0.0465 -239.5840 -0.0343 0.0601 0.9976 -1.3217
0.2194 0.9745 -0.0471 -67.5523 -0.9749 0.2170 -0.0504 -241.3850 -0.0389 0.0570 0.9976 -1.3632
0.2214 0.9738 -0.0513 -67.1301 -0.9747 0.2193 -0.0430 -243.1910 -0.0307 0.0595 0.9978 -1.4105
0.2259 0.9729 -0.0496 -66.7128 -0.9735 0.2237 -0.0476 -245.0240 -0.0352 0.0591 0.9976 -1.4362
0.2301 0.9721 -0.0455 -66.2673 -0.9723 0.2277 -0.0522 -246.8770 -0.0403 0.0563 0.9976 -1.4882
0.2326 0.9715 -0.0455 -65.8013 -0.9721 0.2309 -0.0410 -248.7330 -0.0294 0.0538 0.9981 -1.5356
0.2380 0.9701 -0.0474 -65.3362 -0.9711 0.2366 -0.0329 -250.6020 -0.0207 0.0538 0.9983 -1.5610
0.2439 0.9687 -0.0467 -64.8521 -0.9694 0.2422 -0.0388 -252.5070 -0.0263 0.0547 0.9982 -1.5708
0.2457 0.9682 -0.0474 -64.3611 -0.9688 0.2437 -0.0453 -254.4350 -0.0323 0.0570 0.9978 -1.6178
0.2466 0.9681 -0.0451 -63.8628 -0.9687 0.2448 -0.0416 -256.3770 -0.0293 0.0540 0.9981 -1.6481
0.2467 0.9681 -0.0448 -63.3575 -0.9688 0.2451 -0.0377 -258.3060 -0.0255 0.0527 0.9983 -1.6783
0.2480 0.9678 -0.0428 -62.8532 -0.9686 0.2469 -0.0275 -260.2440 -0.0160 0.0483 0.9987 -1.7068
0.2517 0.9670 -0.0387 -62.3345 -0.9676 0.2506 -0.0307 -262.1970 -0.0200 0.0452 0.9988 -1.7039
0.2564 0.9657 -0.0402 -61.8262 -0.9663 0.2551 -0.0335 -264.1300 -0.0221 0.0475 0.9986 -1.7259
0.2611 0.9645 -0.0402 -61.2907 -0.9651 0.2601 -0.0291 -266.0700 -0.0176 0.0465 0.9988 -1.7236
0.2667 0.9632 -0.0342 -60.7268 -0.9635 0.2655 -0.0345 -268.0220 -0.0241 0.0421 0.9988 -1.7351
0.2750 0.9610 -0.0275 -60.1524 -0.9610 0.2739 -0.0376 -269.9710 -0.0286 0.0367 0.9989 -1.7727
0.2845 0.9583 -0.0275 -59.5650 -0.9587 0.2841 -0.0160 -271.8580 -0.0075 0.0309 0.9995 -1.7865
0.2935 0.9557 -0.0198 -58.9713 -0.9559 0.2933 -0.0135 -273.7840 -0.0071 0.0229 0.9997 -1.7806
0.3038 0.9525 -0.0213 -58.3455 -0.9525 0.3032 -0.0287 -275.7470 -0.0209 0.0290 0.9994 -1.7845
0.3161 0.9482 -0.0298 -57.7297 -0.9486 0.3155 -0.0249 -277.6530 -0.0142 0.0361 0.9992 -1.7809
0.3259 0.9451 -0.0249 -57.0437 -0.9453 0.3253 -0.0248 -279.5510 -0.0154 0.0316 0.9994 -1.7837
0.3357 0.9416 -0.0262 -56.3741 -0.9419 0.3353 -0.0210 -281.4580 -0.0109 0.0317 0.9994 -1.7861
0.3468 0.9376 -0.0257 -55.6781 -0.9379 0.3466 -0.0138 -283.3380 -0.0040 0.0289 0.9996 -1.7725
0.3612 0.9323 -0.0191 -54.9326 -0.9324 0.3608 -0.0239 -285.2520 -0.0154 0.0264 0.9995 -1.7703
0.3772 0.9261 -0.0112 -54.1520 -0.9258 0.3767 -0.0327 -287.1520 -0.0260 0.0227 0.9994 -1.7891
0.3925 0.9196 -0.0179 -53.3746 -0.9197 0.3921 -0.0216 -288.9960 -0.0129 0.0250 0.9996 -1.7907
0.4085 0.9123 -0.0289 -52.5668 -0.9127 0.4085 -0.0076 -290.8420 0.0049 0.0294 0.9996 -1.7923
0.4245 0.9048 -0.0317 -51.7061 -0.9054 0.4244 -0.0112 -292.7030 0.0033 0.0335 0.9994 -1.7592
0.4367 0.8990 -0.0343 -50.8188 -0.8995 0.4357 -0.0318 -294.5680 -0.0136 0.0448 0.9989 -1.7403
0.4485 0.8933 -0.0287 -49.8886 -0.8937 0.4476 -0.0319 -296.3920 -0.0156 0.0399 0.9991 -1.7275
0.4587 0.8882 -0.0275 -48.9521 -0.8885 0.4579 -0.0314 -298.1900 -0.0153 0.0388 0.9991 -1.7209
0.4666 0.8839 -0.0315 -48.0082 -0.8844 0.4660 -0.0248 -299.9660 -0.0072 0.0394 0.9992 -1.7266
0.4734 0.8804 -0.0275 -47.0436 -0.8808 0.4728 -0.0272 -301.7730 -0.0109 0.0371 0.9993 -1.7124
0.4807 0.8763 -0.0307 -46.0630 -0.8768 0.4797 -0.0341 -303.5570 -0.0152 0.0433 0.9989 -1.7283
0.4873 0.8723 -0.0410 -45.1054 -0.8732 0.4865 -0.0283 -305.3040 -0.0047 0.0496 0.9988 -1.7016
0.4903 0.8703 -0.0459 -44.1359 -0.8715 0.4897 -0.0256 -307.0500 0.0002 0.0525 0.9986 -1.6800
0.4948 0.8680 -0.0431 -43.1305 -0.8690 0.4940 -0.0282 -308.8080 -0.0032 0.0514 0.9987 -1.6553
0.5009 0.8644 -0.0442 -42.1242 -0.8655 0.4997 -0.0361 -310.5640 -0.0092 0.0563 0.9984 -1.6460
0.5061 0.8612 -0.0471 -41.1212 -0.8625 0.5049 -0.0349 -312.2840 -0.0063 0.0583 0.9983 -1.6219
0.5078 0.8600 -0.0512 -40.1128 -0.8615 0.5067 -0.0325 -313.9910 -0.0020 0.0606 0.9982 -1.5982
0.5071 0.8604 -0.0508 -39.1079 -0.8619 0.5058 -0.0362 -315.7050 -0.0055 0.0622 0.9981 -1.5800
0.5041 0.8626 -0.0438 -38.0800 -0.8636 0.5027 -0.0379 -317.3960 -0.0106 0.0570 0.9983 -1.5519
0.4978 0.8664 -0.0404 -37.0902 -0.8672 0.4965 -0.0367 -319.1080 -0.0117 0.0533 0.9985 -1.5458
0.4935 0.8686 -0.0458 -36.1231 -0.8697 0.4922 -0.0369 -320.7950 -0.0095 0.0581 0.9983 -1.5558
0.4979 0.8657 -0.0520 -35.1545 -0.8672 0.4964 -0.0384 -322.5080 -0.0074 0.0642 0.9979 -1.5422
0.5081 0.8599 -0.0489 -34.1717 -0.8612 0.5065 -0.0418 -324.2050 -0.0111 0.0633 0.9979 -1.5341
0.5125 0.8572 -0.0498 -33.1849 -0.8586 0.5108 -0.0431 -325.8770 -0.0116 0.0648 0.9978 -1.5201
0.5112 0.8579 -0.0516 -32.1937 -0.8594 0.5097 -0.0402 -327.5150 -0.0082 0.0649 0.9979 -1.5181
0.5031 0.8626 -0.0533 -31.2097 -0.8642 0.5017 -0.0386 -329.1740 -0.0066 0.0655 0.9978 -1.5060
0.4938 0.8684 -0.0456 -30.2202 -0.8695 0.4926 -0.0353 -330.8590 -0.0082 0.0570 0.9983 -1.4909
0.4825 0.8752 -0.0341 -29.2576 -0.8757 0.4813 -0.0389 -332.5270 -0.0176 0.0486 0.9987 -1.4978
0.4712 0.8814 -0.0345 -28.3117 -0.8820 0.4703 -0.0311 -334.2260 -0.0112 0.0450 0.9989 -1.5002
0.4618 0.8862 -0.0378 -27.4233 -0.8869 0.4608 -0.0330 -335.9330 -0.0118 0.0488 0.9987 -1.5000
0.4546 0.8899 -0.0381 -26.5271 -0.8906 0.4535 -0.0342 -337.6820 -0.0132 0.0495 0.9987 -1.4955
0.4487 0.8931 -0.0312 -25.6244 -0.8936 0.4478 -0.0318 -339.4080 -0.0145 0.0421 0.9990 -1.4941
0.4428 0.8962 -0.0284 -24.7303 -0.8965 0.4419 -0.0313 -341.1630 -0.0155 0.0394 0.9991 -1.5028
0.4371 0.8991 -0.0229 -23.8480 -0.8992 0.4364 -0.0305 -342.9270 -0.0174 0.0340 0.9993 -1.5105
0.4328 0.9011 -0.0253 -22.9893 -0.9013 0.4320 -0.0317 -344.7020 -0.0177 0.0365 0.9992 -1.5268
0.4288 0.9031 -0.0240 -22.1250 -0.9032 0.4281 -0.0304 -346.4810 -0.0172 0.0347 0.9992 -1.5215
0.4251 0.9049 -0.0226 -21.2713 -0.9050 0.4243 -0.0312 -348.2650 -0.0186 0.0337 0.9993 -1.5380
0.4216 0.9065 -0.0235 -20.4293 -0.9066 0.4209 -0.0307 -350.0590 -0.0179 0.0343 0.9993 -1.5457
0.4190 0.9077 -0.0216 -19.5945 -0.9077 0.4181 -0.0346 -351.8710 -0.0224 0.0341 0.9992 -1.5723
0.4162 0.9090 -0.0235 -18.7552 -0.9088 0.4150 -0.0433 -353.6890 -0.0296 0.0394 0.9988 -1.5893
0.4139 0.9098 -0.0314 -17.9332 -0.9100 0.4125 -0.0423 -355.4830 -0.0255 0.0461 0.9986 -1.6095
0.4106 0.9111 -0.0366 -17.1139 -0.9116 0.4093 -0.0371 -357.3100 -0.0188 0.0486 0.9986 -1.6286
0.4089 0.9118 -0.0373 -16.3045 -0.9123 0.4073 -0.0427 -359.1170 -0.0237 0.0514 0.9984 -1.6423
0.4047 0.9136 -0.0407 -15.5005 -0.9140 0.4027 -0.0487 -360.9480 -0.0281 0.0569 0.9980 -1.6600
0.4002 0.9154 -0.0437 -14.6922 -0.9160 0.3981 -0.0497 -362.7900 -0.0281 0.0599 0.9978 -1.6827
0.3979 0.9162 -0.0474 -13.9036 -0.9170 0.3957 -0.0503 -364.6170 -0.0273 0.0635 0.9976 -1.7107
0.3991 0.9156 -0.0495 -13.1149 -0.9164 0.3965 -0.0544 -366.4420 -0.0302 0.0671 0.9973 -1.7387
0.4020 0.9142 -0.0515 -12.3164 -0.9152 0.3995 -0.0532 -368.2600 -0.0281 0.0685 0.9973 -1.7642
0.4073 0.9117 -0.0529 -11.5115 -0.9128 0.4046 -0.0550 -370.0840 -0.0287 0.0707 0.9971 -1.7903
0.4131 0.9088 -0.0588 -10.6911 -0.9102 0.4100 -0.0591 -371.9010 -0.0296 0.0779 0.9965 -1.8325
0.4186 0.9058 -0.0655 -9.8922 -0.9077 0.4149 -0.0633 -373.6810 -0.0301 0.0859 0.9958 -1.8554
0.4233 0.9030 -0.0735 -9.1046 -0.9054 0.4188 -0.0693 -375.4240 -0.0318 0.0959 0.9949 -1.8793
0.4265 0.9012 -0.0776 -8.3241 -0.9039 0.4213 -0.0743 -377.1210 -0.0342 0.1018 0.9942 -1.9090
0.4264 0.9011 -0.0785 -7.5483 -0.9038 0.4209 -0.0772 -378.7560 -0.0365 0.1039 0.9939 -1.9488
0.4259 0.9016 -0.0756 -6.7805 -0.9040 0.4206 -0.0764 -380.3990 -0.0371 0.1009 0.9942 -1.9911
0.4229 0.9037 -0.0672 -6.0208 -0.9050 0.4174 -0.0823 -382.0000 -0.0463 0.0956 0.9943 -2.0243
0.4150 0.9082 -0.0541 -5.2806 -0.9078 0.4094 -0.0910 -383.5670 -0.0605 0.0869 0.9944 -2.0778
0.4020 0.9146 -0.0431 -4.5765 -0.9132 0.3970 -0.0915 -385.0840 -0.0666 0.0762 0.9949 -2.1365
0.3889 0.9204 -0.0408 -3.9227 -0.9189 0.3843 -0.0890 -386.5800 -0.0662 0.0721 0.9952 -2.2067
0.3740 0.9265 -0.0406 -3.3011 -0.9253 0.3698 -0.0842 -388.0380 -0.0630 0.0691 0.9956 -2.2777
0.3549 0.9342 -0.0367 -2.7425 -0.9326 0.3510 -0.0834 -389.4770 -0.0651 0.0638 0.9958 -2.3617
0.3365 0.9409 -0.0375 -2.2346 -0.9392 0.3325 -0.0855 -390.8620 -0.0680 0.0640 0.9956 -2.4412
0.3174 0.9475 -0.0384 -1.7714 -0.9456 0.3132 -0.0877 -392.2230 -0.0711 0.0641 0.9954 -2.5144
0.3001 0.9531 -0.0394 -1.3434 -0.9515 0.2961 -0.0835 -393.5290 -0.0680 0.0625 0.9957 -2.5708
0.2851 0.9579 -0.0337 -0.9329 -0.9565 0.2821 -0.0742 -394.8580 -0.0616 0.0534 0.9967 -2.6425
0.2731 0.9614 -0.0318 -0.5316 -0.9592 0.2697 -0.0842 -396.2030 -0.0724 0.0535 0.9959 -2.7073
0.2641 0.9640 -0.0305 -0.1572 -0.9613 0.2605 -0.0901 -397.5360 -0.0789 0.0531 0.9955 -2.7989
0.2571 0.9659 -0.0319 0.1836 -0.9630 0.2533 -0.0915 -398.8230 -0.0802 0.0543 0.9953 -2.8838
0.2498 0.9675 -0.0392 0.5012 -0.9652 0.2455 -0.0904 -400.0870 -0.0778 0.0604 0.9951 -2.9665
0.2434 0.9688 -0.0477 0.8050 -0.9669 0.2385 -0.0904 -401.3520 -0.0762 0.0681 0.9948 -3.0399
0.2368 0.9703 -0.0488 1.1138 -0.9674 0.2308 -0.1040 -402.6390 -0.0896 0.0718 0.9934 -3.1227
0.2262 0.9735 -0.0346 1.4434 -0.9672 0.2203 -0.1264 -403.9630 -0.1154 0.0620 0.9914 -3.2294
0.2130 0.9764 -0.0358 1.7479 -0.9694 0.2066 -0.1326 -405.2930 -0.1220 0.0629 0.9905 -3.3721
0.1977 0.9796 -0.0369 2.0406 -0.9726 0.1913 -0.1320 -406.6480 -0.1222 0.0620 0.9906 -3.5082
0.1843 0.9820 -0.0410 2.3002 -0.9735 0.1766 -0.1450 -408.0730 -0.1352 0.0667 0.9886 -3.6888
0.1735 0.9834 -0.0524 2.5349 -0.9748 0.1638 -0.1515 -409.5090 -0.1404 0.0774 0.9871 -3.8671
0.1614 0.9853 -0.0554 2.7814 -0.9773 0.1518 -0.1481 -410.9720 -0.1375 0.0780 0.9874 -4.0412
0.1409 0.9887 -0.0501 3.0142 -0.9801 0.1322 -0.1478 -412.4760 -0.1395 0.0699 0.9877 -4.2337
0.1189 0.9914 -0.0545 3.2190 -0.9826 0.1096 -0.1502 -414.0290 -0.1430 0.0714 0.9871 -4.4362
0.0966 0.9937 -0.0570 3.3851 -0.9846 0.0870 -0.1519 -415.6360 -0.1460 0.0708 0.9868 -4.6524
0.0720 0.9955 -0.0612 3.5058 -0.9875 0.0625 -0.1449 -417.2390 -0.1404 0.0709 0.9876 -4.8521
0.0479 0.9971 -0.0589 3.6104 -0.9909 0.0401 -0.1282 -418.8460 -0.1255 0.0645 0.9900 -5.0500
0.0272 0.9978 -0.0602 3.6589 -0.9921 0.0195 -0.1242 -420.4710 -0.1227 0.0631 0.9904 -5.2289
0.0110 0.9975 -0.0699 3.6757 -0.9928 0.0025 -0.1200 -422.0810 -0.1195 0.0707 0.9903 -5.4000
-0.0033 0.9963 -0.0861 3.6544 -0.9936 -0.0130 -0.1119 -423.6750 -0.1126 0.0852 0.9900 -5.5527
-0.0152 0.9955 -0.0935 3.6141 -0.9931 -0.0259 -0.1141 -425.2280 -0.1160 0.0912 0.9891 -5.7013
-0.0263 0.9951 -0.0952 3.5705 -0.9906 -0.0387 -0.1308 -426.8170 -0.1339 0.0909 0.9868 -5.8634
-0.0391 0.9948 -0.0939 3.5185 -0.9890 -0.0519 -0.1384 -428.3720 -0.1425 0.0874 0.9859 -6.0560
-0.0541 0.9957 -0.0757 3.4729 -0.9889 -0.0640 -0.1344 -429.8900 -0.1387 0.0675 0.9880 -6.2247
-0.0700 0.9955 -0.0631 3.4044 -0.9911 -0.0766 -0.1090 -431.3450 -0.1134 0.0549 0.9920 -6.4008
-0.0813 0.9955 -0.0477 3.3225 -0.9893 -0.0864 -0.1179 -432.8200 -0.1215 0.0377 0.9919 -6.5315
-0.0904 0.9953 -0.0334 3.2340 -0.9881 -0.0938 -0.1216 -434.2460 -0.1242 0.0220 0.9920 -6.7039
-0.1011 0.9946 -0.0253 3.1269 -0.9914 -0.1028 -0.0810 -435.5590 -0.0831 0.0169 0.9964 -6.8325
-0.1101 0.9937 -0.0194 3.0042 -0.9913 -0.1112 -0.0709 -436.8780 -0.0726 0.0114 0.9973 -6.9054
-0.1207 0.9926 -0.0097 2.8761 -0.9888 -0.1211 -0.0869 -438.2020 -0.0874 -0.0009 0.9962 -6.9943
-0.1347 0.9907 -0.0198 2.7027 -0.9883 -0.1358 -0.0690 -439.4650 -0.0710 0.0103 0.9974 -7.0838
-0.1495 0.9886 -0.0181 2.5141 -0.9868 -0.1504 -0.0599 -440.7300 -0.0619 0.0089 0.9980 -7.1345
-0.1631 0.9863 -0.0245 2.3013 -0.9846 -0.1643 -0.0593 -441.9860 -0.0625 0.0145 0.9979 -7.1993
-0.1742 0.9843 -0.0290 2.0819 -0.9833 -0.1755 -0.0487 -443.2230 -0.0531 0.0200 0.9984 -7.2582
-0.1864 0.9822 -0.0227 1.8749 -0.9813 -0.1873 -0.0446 -444.4430 -0.0481 0.0139 0.9987 -7.3165
-0.2009 0.9794 -0.0218 1.6507 -0.9785 -0.2017 -0.0430 -445.6110 -0.0465 0.0127 0.9988 -7.3491
-0.2151 0.9762 -0.0266 1.3858 -0.9756 -0.2161 -0.0385 -446.7860 -0.0434 0.0177 0.9989 -7.3835
-0.2291 0.9730 -0.0283 1.1330 -0.9725 -0.2300 -0.0361 -447.8800 -0.0417 0.0192 0.9989 -7.4067
-0.2440 0.9693 -0.0289 0.8641 -0.9689 -0.2450 -0.0355 -448.9470 -0.0415 0.0193 0.9990 -7.4305
-0.2673 0.9633 -0.0259 0.6164 -0.9625 -0.2682 -0.0408 -449.9820 -0.0462 0.0140 0.9988 -7.4592
-0.3064 0.9516 -0.0235 0.3369 -0.9510 -0.3071 -0.0362 -450.8900 -0.0416 0.0113 0.9991 -7.4968
-0.3552 0.9345 -0.0224 -0.0040 -0.9344 -0.3556 -0.0200 -451.6820 -0.0267 0.0138 0.9995 -7.5090
-0.4201 0.9074 -0.0144 -0.3145 -0.9074 -0.4203 -0.0085 -452.4100 -0.0138 0.0095 0.9999 -7.5201
-0.4970 0.8675 -0.0203 -0.6923 -0.8676 -0.4972 -0.0057 -452.9910 -0.0150 0.0148 0.9998 -7.5397
-0.5803 0.8135 -0.0379 -1.0908 -0.8140 -0.5809 -0.0067 -453.4570 -0.0275 0.0270 0.9993 -7.5293
-0.6621 0.7488 -0.0296 -1.4337 -0.7487 -0.6627 -0.0170 -453.8450 -0.0323 0.0109 0.9994 -7.5196
-0.7427 0.6688 -0.0337 -1.8155 -0.6689 -0.7433 -0.0093 -454.1060 -0.0313 0.0157 0.9994 -7.5518
-0.8123 0.5818 -0.0400 -2.2334 -0.5825 -0.8128 0.0050 -454.3060 -0.0296 0.0274 0.9992 -7.5569
-0.8707 0.4890 -0.0529 -2.6831 -0.4897 -0.8719 0.0001 -454.4900 -0.0460 0.0260 0.9986 -7.5523
-0.9188 0.3915 -0.0502 -3.0897 -0.3917 -0.9201 -0.0048 -454.6390 -0.0481 0.0153 0.9987 -7.5729
-0.9560 0.2891 -0.0490 -3.5338 -0.2894 -0.9572 -0.0011 -454.7260 -0.0472 0.0131 0.9988 -7.6155
-0.9815 0.1829 -0.0574 -4.0093 -0.1831 -0.9831 -0.0009 -454.7530 -0.0566 0.0096 0.9984 -7.6096
-0.9954 0.0742 -0.0602 -4.4732 -0.0741 -0.9972 -0.0036 -454.7500 -0.0603 0.0008 0.9982 -7.6415
-0.9975 -0.0392 -0.0595 -4.9463 0.0394 -0.9992 -0.0020 -454.6770 -0.0594 -0.0044 0.9982 -7.6534
-0.9858 -0.1564 -0.0611 -5.4440 0.1571 -0.9876 -0.0068 -454.5980 -0.0593 -0.0163 0.9981 -7.6807
-0.9612 -0.2690 -0.0603 -6.0237 0.2698 -0.9629 -0.0044 -454.3780 -0.0569 -0.0205 0.9982 -7.7192
-0.9241 -0.3777 -0.0576 -6.6235 0.3784 -0.9256 -0.0011 -454.0790 -0.0529 -0.0228 0.9983 -7.7471
-0.8774 -0.4759 -0.0603 -7.2976 0.4770 -0.8789 -0.0039 -453.6950 -0.0511 -0.0322 0.9982 -7.7906
-0.8254 -0.5614 -0.0598 -8.0446 0.5625 -0.8268 -0.0031 -453.1720 -0.0478 -0.0362 0.9982 -7.8379
-0.7807 -0.6224 -0.0558 -8.8523 0.6233 -0.7820 -0.0002 -452.5440 -0.0434 -0.0350 0.9984 -7.8830
-0.7509 -0.6580 -0.0557 -9.7233 0.6590 -0.7521 0.0004 -451.8020 -0.0422 -0.0365 0.9984 -7.9341
-0.7352 -0.6755 -0.0563 -10.6530 0.6766 -0.7363 -0.0002 -450.9660 -0.0413 -0.0382 0.9984 -7.9908
-0.7259 -0.6854 -0.0579 -11.6576 0.6866 -0.7270 -0.0023 -450.0340 -0.0405 -0.0414 0.9983 -8.0537
-0.7180 -0.6935 -0.0589 -12.7074 0.6948 -0.7192 -0.0027 -449.0220 -0.0405 -0.0429 0.9983 -8.1097
-0.7086 -0.7031 -0.0595 -13.8307 0.7045 -0.7097 -0.0031 -447.9350 -0.0400 -0.0441 0.9982 -8.1760
-0.6987 -0.7128 -0.0614 -15.0132 0.7142 -0.6999 -0.0022 -446.7380 -0.0414 -0.0454 0.9981 -8.2490
-0.6880 -0.7229 -0.0642 -16.2443 0.7245 -0.6893 -0.0028 -445.4670 -0.0422 -0.0485 0.9979 -8.3158
-0.6769 -0.7332 -0.0645 -17.4923 0.7349 -0.6781 -0.0041 -444.1450 -0.0408 -0.0502 0.9979 -8.3912
-0.6670 -0.7423 -0.0634 -18.8081 0.7439 -0.6683 -0.0027 -442.7020 -0.0404 -0.0490 0.9980 -8.4743
-0.6609 -0.7479 -0.0620 -20.1549 0.7493 -0.6622 -0.0001 -441.1860 -0.0410 -0.0465 0.9981 -8.5458
-0.6559 -0.7526 -0.0584 -21.5112 0.7537 -0.6572 0.0031 -439.6360 -0.0407 -0.0420 0.9983 -8.6260
-0.6503 -0.7571 -0.0619 -22.9166 0.7585 -0.6517 0.0024 -438.0500 -0.0421 -0.0454 0.9981 -8.6883
-0.6419 -0.7641 -0.0641 -24.2939 0.7654 -0.6435 0.0059 -436.4330 -0.0458 -0.0453 0.9979 -8.7718
-0.6310 -0.7731 -0.0645 -25.6814 0.7744 -0.6326 0.0072 -434.7850 -0.0464 -0.0454 0.9979 -8.8540
-0.6173 -0.7838 -0.0673 -27.0411 0.7852 -0.6192 0.0087 -433.0890 -0.0485 -0.0475 0.9977 -8.9220
-0.6036 -0.7946 -0.0647 -28.3781 0.7957 -0.6055 0.0131 -431.3640 -0.0496 -0.0436 0.9978 -9.0103
-0.5909 -0.8041 -0.0659 -29.6834 0.8050 -0.5930 0.0179 -429.6120 -0.0535 -0.0425 0.9977 -9.1019
-0.5779 -0.8137 -0.0616 -30.9667 0.8141 -0.5801 0.0257 -427.8340 -0.0566 -0.0353 0.9978 -9.1834
-0.5651 -0.8230 -0.0579 -32.2118 0.8230 -0.5673 0.0301 -426.0340 -0.0576 -0.0307 0.9979 -9.2966
-0.5548 -0.8304 -0.0517 -33.4377 0.8303 -0.5565 0.0290 -424.2180 -0.0529 -0.0268 0.9982 -9.4004
-0.5478 -0.8351 -0.0503 -34.6467 0.8351 -0.5494 0.0265 -422.3880 -0.0498 -0.0275 0.9984 -9.4675
-0.5407 -0.8397 -0.0507 -35.8729 0.8396 -0.5424 0.0287 -420.4940 -0.0517 -0.0271 0.9983 -9.5618
-0.5350 -0.8437 -0.0442 -37.0948 0.8434 -0.5364 0.0303 -418.5930 -0.0493 -0.0210 0.9986 -9.6605
-0.5328 -0.8450 -0.0450 -38.3184 0.8448 -0.5342 0.0298 -416.6760 -0.0492 -0.0221 0.9985 -9.7372
-0.5327 -0.8452 -0.0430 -39.5570 0.8446 -0.5342 0.0351 -414.7280 -0.0526 -0.0176 0.9985 -9.8419
-0.5326 -0.8456 -0.0354 -40.7686 0.8446 -0.5337 0.0419 -412.7820 -0.0543 -0.0076 0.9985 -9.9351
-0.5333 -0.8453 -0.0339 -42.0256 0.8442 -0.5343 0.0435 -410.8120 -0.0549 -0.0055 0.9985 -10.0317
-0.5347 -0.8442 -0.0387 -43.2962 0.8431 -0.5360 0.0430 -408.8470 -0.0571 -0.0096 0.9983 -10.1266
-0.5363 -0.8430 -0.0425 -44.5817 0.8421 -0.5378 0.0409 -406.8650 -0.0573 -0.0139 0.9983 -10.2340
-0.5330 -0.8445 -0.0519 -45.8897 0.8441 -0.5350 0.0364 -404.8670 -0.0585 -0.0244 0.9980 -10.3378
-0.5228 -0.8505 -0.0569 -47.1765 0.8504 -0.5250 0.0344 -402.8380 -0.0592 -0.0304 0.9978 -10.4552
-0.5119 -0.8571 -0.0580 -48.4523 0.8570 -0.5142 0.0333 -400.7840 -0.0584 -0.0326 0.9978 -10.5702
-0.5015 -0.8633 -0.0577 -49.6944 0.8632 -0.5037 0.0341 -398.6990 -0.0585 -0.0327 0.9978 -10.6861
-0.4946 -0.8672 -0.0568 -50.9288 0.8672 -0.4969 0.0345 -396.5780 -0.0581 -0.0322 0.9978 -10.7987
-0.4894 -0.8703 -0.0552 -52.1529 0.8701 -0.4916 0.0362 -394.4250 -0.0586 -0.0303 0.9978 -10.9182
-0.4850 -0.8728 -0.0546 -53.3889 0.8725 -0.4872 0.0369 -392.2280 -0.0588 -0.0297 0.9978 -11.0332
-0.4826 -0.8742 -0.0536 -54.6199 0.8739 -0.4847 0.0381 -390.0320 -0.0593 -0.0284 0.9978 -11.1484
-0.4820 -0.8748 -0.0480 -55.8421 0.8742 -0.4839 0.0395 -387.8480 -0.0578 -0.0229 0.9981 -11.2612
-0.4811 -0.8752 -0.0505 -57.0766 0.8747 -0.4831 0.0386 -385.6270 -0.0582 -0.0256 0.9980 -11.3846
-0.4797 -0.8760 -0.0499 -58.3163 0.8754 -0.4817 0.0401 -383.3940 -0.0592 -0.0244 0.9979 -11.5134
-0.4818 -0.8749 -0.0492 -59.5654 0.8743 -0.4837 0.0408 -381.1720 -0.0595 -0.0233 0.9980 -11.6372
-0.4843 -0.8735 -0.0497 -60.7992 0.8730 -0.4862 0.0388 -378.9770 -0.0580 -0.0246 0.9980 -11.7562
-0.4881 -0.8715 -0.0471 -62.0685 0.8709 -0.4899 0.0398 -376.7120 -0.0578 -0.0216 0.9981 -11.8680
-0.4922 -0.8693 -0.0441 -63.3595 0.8685 -0.4939 0.0419 -374.4450 -0.0582 -0.0177 0.9981 -11.9818
-0.4947 -0.8681 -0.0418 -64.6464 0.8670 -0.4963 0.0443 -372.1850 -0.0592 -0.0144 0.9981 -12.1091
-0.4966 -0.8672 -0.0368 -65.9414 0.8661 -0.4979 0.0448 -369.9090 -0.0571 -0.0096 0.9983 -12.2214
-0.4983 -0.8662 -0.0368 -67.2516 0.8651 -0.4996 0.0444 -367.6680 -0.0569 -0.0097 0.9983 -12.3343
-0.4998 -0.8653 -0.0387 -68.5980 0.8642 -0.5012 0.0444 -365.3820 -0.0578 -0.0113 0.9983 -12.4618
-0.5026 -0.8637 -0.0376 -69.9399 0.8624 -0.5040 0.0477 -363.1000 -0.0601 -0.0085 0.9982 -12.6008
-0.5043 -0.8627 -0.0384 -71.2738 0.8616 -0.5057 0.0441 -360.8430 -0.0574 -0.0109 0.9983 -12.7144
-0.5064 -0.8613 -0.0412 -72.6409 0.8604 -0.5079 0.0419 -358.5430 -0.0570 -0.0143 0.9983 -12.8346
-0.5100 -0.8593 -0.0400 -73.9911 0.8581 -0.5114 0.0463 -356.2740 -0.0602 -0.0107 0.9981 -12.9607
-0.5154 -0.8561 -0.0383 -75.3855 0.8547 -0.5168 0.0484 -353.9690 -0.0612 -0.0078 0.9981 -13.0913
-0.5190 -0.8539 -0.0377 -76.7929 0.8525 -0.5203 0.0500 -351.6590 -0.0623 -0.0061 0.9980 -13.2241
-0.5207 -0.8529 -0.0372 -78.1938 0.8514 -0.5220 0.0517 -349.3840 -0.0635 -0.0047 0.9980 -13.3577
-0.5192 -0.8537 -0.0392 -79.5949 0.8524 -0.5206 0.0489 -347.0990 -0.0621 -0.0080 0.9980 -13.4869
-0.5186 -0.8540 -0.0411 -81.0189 0.8528 -0.5201 0.0474 -344.8130 -0.0618 -0.0105 0.9980 -13.6240
-0.5173 -0.8547 -0.0439 -82.4223 0.8535 -0.5190 0.0472 -342.5410 -0.0632 -0.0130 0.9979 -13.7530
-0.5181 -0.8541 -0.0450 -83.8640 0.8530 -0.5199 0.0467 -340.2140 -0.0633 -0.0141 0.9979 -13.8942
-0.5199 -0.8529 -0.0474 -85.2841 0.8522 -0.5217 0.0402 -337.9200 -0.0590 -0.0195 0.9981 -14.0335
-0.5209 -0.8521 -0.0513 -86.7092 0.8516 -0.5229 0.0385 -335.6400 -0.0596 -0.0236 0.9979 -14.1584
-0.5232 -0.8505 -0.0539 -88.1546 0.8500 -0.5254 0.0394 -333.3240 -0.0618 -0.0252 0.9978 -14.2907
-0.5259 -0.8489 -0.0532 -89.5807 0.8482 -0.5281 0.0405 -331.0220 -0.0625 -0.0238 0.9978 -14.4237
-0.5296 -0.8467 -0.0516 -91.0282 0.8459 -0.5317 0.0431 -328.7120 -0.0639 -0.0208 0.9977 -14.5639
-0.5361 -0.8427 -0.0495 -92.5003 0.8418 -0.5381 0.0436 -326.4120 -0.0634 -0.0183 0.9978 -14.7018
-0.5446 -0.8373 -0.0493 -93.9877 0.8364 -0.5465 0.0420 -324.1280 -0.0621 -0.0183 0.9979 -14.8346
-0.5518 -0.8322 -0.0536 -95.4895 0.8316 -0.5540 0.0395 -321.8880 -0.0626 -0.0228 0.9978 -14.9618
-0.5599 -0.8266 -0.0564 -97.0181 0.8260 -0.5622 0.0392 -319.6510 -0.0641 -0.0246 0.9976 -15.0995
-0.5684 -0.8209 -0.0554 -98.5642 0.8202 -0.5707 0.0401 -317.4290 -0.0645 -0.0226 0.9977 -15.2414
-0.5774 -0.8148 -0.0522 -100.1330 0.8140 -0.5794 0.0402 -315.2030 -0.0630 -0.0193 0.9978 -15.3878
-0.5858 -0.8089 -0.0510 -101.7240 0.8078 -0.5878 0.0436 -312.9930 -0.0653 -0.0157 0.9977 -15.5292
-0.5944 -0.8027 -0.0481 -103.3270 0.8015 -0.5962 0.0462 -310.8030 -0.0658 -0.0111 0.9978 -15.6598
-0.6035 -0.7961 -0.0444 -104.9360 0.7947 -0.6051 0.0477 -308.6580 -0.0648 -0.0065 0.9979 -15.7943
-0.6118 -0.7897 -0.0452 -106.5810 0.7884 -0.6134 0.0471 -306.5370 -0.0649 -0.0068 0.9979 -15.9283
-0.6203 -0.7830 -0.0468 -108.2810 0.7816 -0.6220 0.0463 -304.4010 -0.0653 -0.0079 0.9978 -16.0691
-0.6264 -0.7779 -0.0498 -109.9670 0.7766 -0.6283 0.0452 -302.3200 -0.0665 -0.0104 0.9977 -16.2179
-0.6319 -0.7735 -0.0496 -111.6860 0.7721 -0.6338 0.0466 -300.2140 -0.0675 -0.0089 0.9977 -16.3610
-0.6363 -0.7700 -0.0473 -113.3960 0.7686 -0.6380 0.0464 -298.1550 -0.0659 -0.0068 0.9978 -16.4952
-0.6390 -0.7675 -0.0514 -115.1320 0.7665 -0.6409 0.0410 -296.1050 -0.0644 -0.0132 0.9978 -16.6371
-0.6408 -0.7656 -0.0567 -116.8820 0.7647 -0.6431 0.0415 -294.0550 -0.0683 -0.0168 0.9975 -16.7930
-0.6428 -0.7638 -0.0585 -118.6290 0.7630 -0.6451 0.0409 -291.9970 -0.0689 -0.0183 0.9975 -16.9235
-0.6445 -0.7625 -0.0570 -120.3880 0.7615 -0.6468 0.0421 -289.9510 -0.0689 -0.0163 0.9975 -17.0795
-0.6452 -0.7619 -0.0565 -122.1300 0.7611 -0.6475 0.0393 -287.9170 -0.0666 -0.0177 0.9976 -17.2262
-0.6447 -0.7623 -0.0573 -123.8900 0.7616 -0.6469 0.0381 -285.8660 -0.0661 -0.0191 0.9976 -17.3738
-0.6442 -0.7627 -0.0578 -125.6360 0.7619 -0.6465 0.0390 -283.8090 -0.0671 -0.0190 0.9976 -17.5114
-0.6422 -0.7643 -0.0591 -127.3890 0.7637 -0.6445 0.0370 -281.7690 -0.0663 -0.0214 0.9976 -17.6628
-0.6399 -0.7662 -0.0587 -129.1330 0.7656 -0.6422 0.0371 -279.6930 -0.0662 -0.0212 0.9976 -17.8043
-0.6383 -0.7676 -0.0575 -130.8670 0.7670 -0.6406 0.0376 -277.6150 -0.0657 -0.0201 0.9976 -17.9377
-0.6367 -0.7691 -0.0560 -132.5940 0.7684 -0.6388 0.0382 -275.5490 -0.0651 -0.0187 0.9977 -18.0586
-0.6345 -0.7707 -0.0577 -134.3260 0.7700 -0.6368 0.0391 -273.4770 -0.0669 -0.0196 0.9976 -18.1881
-0.6317 -0.7729 -0.0597 -136.0400 0.7721 -0.6342 0.0405 -271.4110 -0.0692 -0.0205 0.9974 -18.3387
-0.6261 -0.7773 -0.0622 -137.7430 0.7764 -0.6288 0.0430 -269.3350 -0.0725 -0.0214 0.9971 -18.4971
-0.6193 -0.7827 -0.0622 -139.4200 0.7820 -0.6219 0.0405 -267.2670 -0.0704 -0.0236 0.9972 -18.6466
-0.6080 -0.7910 -0.0676 -141.0980 0.7910 -0.6109 0.0336 -265.1760 -0.0679 -0.0331 0.9971 -18.7985
-0.5956 -0.8003 -0.0694 -142.7150 0.8003 -0.5986 0.0338 -263.0750 -0.0686 -0.0354 0.9970 -18.9385
-0.5815 -0.8106 -0.0698 -144.2840 0.8107 -0.5845 0.0333 -260.9460 -0.0678 -0.0372 0.9970 -19.0845
-0.5631 -0.8235 -0.0691 -145.8250 0.8237 -0.5661 0.0331 -258.7860 -0.0664 -0.0382 0.9971 -19.2272
-0.5423 -0.8376 -0.0665 -147.2920 0.8376 -0.5451 0.0349 -256.5800 -0.0655 -0.0368 0.9972 -19.3661
-0.5216 -0.8507 -0.0650 -148.7190 0.8506 -0.5245 0.0383 -254.3340 -0.0667 -0.0353 0.9971 -19.4972
-0.5000 -0.8639 -0.0609 -150.0710 0.8635 -0.5027 0.0413 -252.0890 -0.0663 -0.0319 0.9973 -19.6400
-0.4789 -0.8758 -0.0596 -151.4050 0.8756 -0.4814 0.0388 -249.7630 -0.0627 -0.0336 0.9975 -19.7746
-0.4594 -0.8866 -0.0537 -152.6630 0.8862 -0.4616 0.0398 -247.4370 -0.0601 -0.0293 0.9978 -19.9078
-0.4423 -0.8955 -0.0495 -153.8540 0.8948 -0.4444 0.0439 -245.0650 -0.0613 -0.0249 0.9978 -20.0293
-0.4263 -0.9034 -0.0471 -155.0140 0.9025 -0.4283 0.0451 -242.6770 -0.0609 -0.0232 0.9979 -20.1442
-0.4106 -0.9107 -0.0444 -156.1350 0.9099 -0.4124 0.0439 -240.2960 -0.0583 -0.0224 0.9980 -20.2815
-0.3969 -0.9167 -0.0455 -157.2420 0.9158 -0.3988 0.0471 -237.8260 -0.0613 -0.0230 0.9979 -20.4069
-0.3900 -0.9197 -0.0448 -158.3150 0.9189 -0.3919 0.0456 -235.3830 -0.0595 -0.0234 0.9980 -20.5437
-0.3870 -0.9209 -0.0463 -159.3970 0.9200 -0.3890 0.0478 -232.8700 -0.0621 -0.0241 0.9978 -20.6704
-0.3853 -0.9218 -0.0432 -160.4460 0.9208 -0.3871 0.0482 -230.3400 -0.0612 -0.0212 0.9979 -20.8009
-0.3829 -0.9229 -0.0411 -161.5190 0.9219 -0.3845 0.0469 -227.7990 -0.0591 -0.0199 0.9981 -20.9356
-0.3801 -0.9239 -0.0436 -162.5860 0.9231 -0.3819 0.0457 -225.2810 -0.0588 -0.0229 0.9980 -21.0619
-0.3765 -0.9252 -0.0474 -163.6630 0.9244 -0.3785 0.0462 -222.7030 -0.0607 -0.0265 0.9978 -21.1936
-0.3721 -0.9269 -0.0498 -164.7180 0.9261 -0.3743 0.0468 -220.1500 -0.0620 -0.0287 0.9977 -21.3311
